<svg version="1.1" xmlns="http://www.w3.org/2000/svg" viewBox="0 0 1180 1197">
            <g fill="#9b4541">
  <path d="M1201 598.5 c0 -530.1 0.2 -598.5 1.5 -598.5 2 0 2.1 20.5 1.7 667.3 -0.2 469.8 -0.4 529.7 -1.7 529.7 -1.3 0 -1.5 -67.5 -1.5 -598.5z"/>
  <path d="M272.7 1076.3 c-3.4 -3.3 -3.8 -3.3 144.3 -3.3 144.3 0 145 0 145 2 0 2 -0.7 2 -144.3 2 -79.4 0 -144.7 -0.3 -145 -0.7z"/>
  <path d="M589 1058.1 c0 -1.2 10 -11.3 12.5 -12.6 1.1 -0.6 2.4 -2 3 -3.3 0.5 -1.2 1.5 -2.2 2.1 -2.2 0.7 0 2.4 -1.3 3.7 -3 1.4 -1.6 2.9 -3 3.3 -3 0.4 0 2.1 -1.2 3.6 -2.7 l2.8 -2.7 0 4.2 c0 3.6 -0.6 4.8 -4.8 9 -2.7 2.7 -5.6 5.1 -6.5 5.5 -1 0.4 -2.2 1.8 -2.7 3.2 -0.5 1.4 -1.6 2.5 -2.4 2.5 -0.8 0 -2.6 1.4 -3.9 3 -2.1 2.4 -3.3 3 -6.6 3 -2.3 0 -4.1 -0.4 -4.1 -0.9z"/>
  <path d="M654 1032.5 c0 -2.8 1.1 -4.4 6 -8.8 1.3 -1.2 3.8 -3.7 5.4 -5.4 1.6 -1.8 3.4 -3.3 3.9 -3.3 0.6 0 3.6 -2.7 6.7 -6 3.1 -3.3 6.1 -6 6.6 -6 0.4 0 3.6 -2.9 7.1 -6.5 3.4 -3.6 6.6 -6.5 6.9 -6.5 0.4 0 3.3 -2.6 6.4 -5.7 7.9 -8.1 11.3 -10.3 15.5 -10.3 1.9 0 3.5 0.2 3.5 0.5 0 0.8 -5.3 6.6 -10.4 11.4 -2.7 2.5 -6.4 6.1 -8.2 7.9 -1.8 1.7 -3.6 3.2 -3.9 3.2 -0.4 0 -2.9 2.3 -5.7 5 -2.8 2.8 -5.4 5 -5.9 5 -0.5 0 -2.3 1.6 -4 3.5 -1.8 1.9 -3.5 3.5 -3.9 3.5 -0.7 0 -8.1 6.8 -16.5 15 -2.2 2.2 -4.7 4 -5.6 4 -0.8 0 -2 0.5 -2.7 1.2 -0.9 0.9 -1.2 0.6 -1.2 -1.7z"/>
  <path d="M395.1 1006.3 c0 -0.7 -0.9 -1.3 -2 -1.3 -1.9 0 -9.1 -7.7 -10.3 -11.1 -0.4 -1 -1.2 -1.9 -1.8 -1.9 -0.5 0 -1 -1 -1 -2.2 0.1 -2.4 5.7 -6.8 8.6 -6.8 0.8 0 1.4 -0.4 1.4 -1 0 -0.5 0.5 -1 1 -1 1.8 0 1 5.2 -1.1 6.9 -1.7 1.4 -1.9 2.1 -1 4.4 0.6 1.5 1.5 2.7 2 2.7 1.7 0 5.2 7.2 4.8 9.9 -0.2 1.4 -0.5 2 -0.6 1.4z"/>
  <path d="M652 1001 c0 -0.5 0.3 -1 0.8 -1 0.4 0 1.8 -1.6 3.1 -3.5 1.3 -1.9 2.8 -3.5 3.4 -3.5 0.6 0 3.9 -2.9 7.4 -6.5 3.4 -3.6 6.6 -6.5 7 -6.5 0.4 0 3.1 -2.1 6 -4.8 8.7 -8 8.3 -7.8 8.3 -3.2 0 3.9 -3 9 -5.4 9 -0.5 0 -4 3 -7.7 6.8 -12.2 12.2 -14.9 14.2 -19.1 14.2 -2.1 0 -3.8 -0.4 -3.8 -1z"/>
  <path d="M516.7 980.1 c-1 -1.7 -1.7 -5 -1.7 -7.9 0 -2.8 -0.4 -5.2 -1 -5.4 -0.9 -0.3 -6 -27.9 -6 -32.5 0 -1.3 -0.8 -3.1 -1.8 -4.1 -1.7 -1.7 -1.9 -1.7 -3.6 0.5 -0.9 1.3 -2.3 2.3 -3.1 2.3 -0.8 0 -2.2 1.1 -3.1 2.5 -0.9 1.3 -2.3 2.7 -3.2 3 -1 0.2 -3.5 2 -5.7 3.9 -2.2 2 -5.1 4.1 -6.5 4.8 -1.4 0.7 -2.8 1.7 -3.2 2.3 -0.4 0.5 -1.9 1 -3.3 1 -2.1 0.1 -2.5 -0.4 -2.5 -2.7 0 -2.1 0.9 -3.2 4.3 -5.2 2.3 -1.4 4.8 -3.4 5.5 -4.6 0.7 -1.1 1.9 -2 2.7 -2 0.8 0 2 -0.9 2.7 -2.1 0.7 -1.1 2.7 -2.7 4.3 -3.5 1.7 -0.8 4.6 -2.8 6.4 -4.4 5.6 -5.1 14.1 -3.8 14.1 2.3 0.1 1.8 0.8 7.3 1.6 12.2 0.8 5 1.8 10.6 2.1 12.5 0.3 1.9 0.9 3.7 1.4 4.1 0.5 0.3 1.3 4.8 1.9 10 1.7 16.2 1.2 18.9 -2.3 13z"/>
  <path d="M423 955.9 c0.6 -1.1 2.5 -2.8 4.1 -3.8 1.7 -1 3.7 -2.8 4.5 -4 0.8 -1.1 2.1 -2.1 2.9 -2.1 0.7 0 2.2 -1.1 3.3 -2.5 1.1 -1.4 2.3 -2.5 2.6 -2.5 0.9 0 6.5 -4 10.1 -7.2 1.6 -1.6 3.5 -2.8 4.1 -2.8 0.5 0 2 -1.3 3.2 -3 1.3 -1.6 2.9 -3 3.7 -3 0.8 0 1.8 -0.6 2.2 -1.3 0.4 -0.6 2.7 -2.5 5.1 -4.1 2.3 -1.6 4.2 -3.2 4.2 -3.6 0 -0.5 2 -1.8 4.5 -3 2.5 -1.2 4.8 -2.7 5.3 -3.4 0.4 -0.7 2.3 -2.3 4.2 -3.6 1.9 -1.3 4.1 -3.2 4.8 -4.2 0.7 -1 1.9 -1.8 2.6 -1.8 0.7 0 2.1 -0.9 3.1 -2 2 -2.2 1.8 -7.6 -0.9 -19.5 -0.9 -3.8 -1.6 -8.5 -1.6 -10.2 0 -1.8 -0.4 -3.3 -0.9 -3.3 -0.5 0 -1.2 -2.4 -1.6 -5.2 -0.6 -5.7 -1.6 -10.9 -3.6 -20 -1.3 -6 -2.8 -7.2 -5.1 -4 -2.1 2.7 -7.5 6.2 -9.8 6.2 -1.1 0 -2 0.5 -2 1 0 0.6 -0.4 1 -1 1 -1.1 0 -1.4 -6 -0.2 -6 0.4 0 2.7 -1.8 5.2 -4 5.1 -4.5 7 -5.3 12.6 -4.8 l3.9 0.3 1.3 8 c0.7 4.4 1.6 9.8 1.9 12 0.3 2.2 1 4.3 1.5 4.6 0.5 0.3 1.3 3.9 1.9 8 1.8 14.4 3.2 22.4 4.2 23 0.5 0.4 1.2 3.7 1.4 7.3 0.6 6.7 0.6 6.7 -2.8 9.6 -1.9 1.6 -3.7 2.9 -4.1 3 -0.4 0 -1.8 1 -3 2.3 -3.6 3.4 -9.9 8.1 -11.9 8.9 -1 0.4 -2.3 1.6 -2.9 2.7 -0.6 1.2 -2.9 3 -5 4.1 -2.2 1.1 -4 2.4 -4 2.8 0 0.4 -1.2 1.5 -2.7 2.4 -1.6 0.9 -4.5 3.3 -6.7 5.2 -2.1 2 -4.5 3.6 -5.3 3.6 -0.7 0 -1.6 0.7 -2 1.5 -0.3 0.9 -1.7 2.2 -3.2 3 -1.4 0.7 -4.4 3 -6.6 4.9 -2.2 2 -5 3.9 -6.2 4.2 -1.3 0.4 -2.3 1 -2.3 1.5 0 1.7 -7.6 5.9 -10.8 5.9 -3 0 -3.2 -0.2 -2.2 -2.1z"/>
  <path d="M584.5 941.3 c-2.2 -2.4 -2.3 -2.9 -0.8 -3.2 0.9 -0.2 2.2 -0.8 2.9 -1.5 3.8 -3.6 5.8 -4.6 8.9 -4.6 3.3 0 3.3 0.1 2.1 2.5 -1.6 3 -8.1 9.5 -9.5 9.5 -0.6 0 -2.2 -1.2 -3.6 -2.7z"/>
  <path d="M735.5 921.7 c-3.7 -2.7 -9.5 -8.8 -9.5 -9.9 0 -0.5 -1.1 -1.3 -2.5 -1.8 -1.4 -0.5 -2.8 -1.8 -3.2 -2.7 -0.4 -1 -6.9 -8 -14.5 -15.5 -7.6 -7.6 -13.8 -14.1 -13.8 -14.6 0 -0.5 -1.1 -1.4 -2.5 -2 -1.4 -0.6 -2.5 -1.6 -2.5 -2.2 0 -1.4 -2 -3.4 -4.2 -4.3 -1.4 -0.5 -1.8 -1.8 -1.8 -5.4 l0.1 -4.8 2.4 2.8 c1.3 1.5 2.7 2.7 3.1 2.7 0.9 0 -0.8 -1.7 29.4 28.5 20.6 20.6 25.9 25.4 27.6 25 1.2 -0.2 4.9 -3.1 8.2 -6.2 11.2 -10.7 15.3 -14.3 16.2 -14.3 0.6 0 1 -0.7 1 -1.5 0 -0.8 0.5 -1.5 1.1 -1.5 0.6 0 3 -1.9 5.4 -4.2 2.4 -2.4 6.2 -5.9 8.6 -7.8 2.3 -1.9 6.4 -5.6 9.1 -8.2 2.7 -2.6 6.5 -5.9 8.4 -7.3 1.9 -1.5 4.5 -3.6 5.8 -4.8 1.3 -1.2 4.5 -4 7 -6.2 2.5 -2.2 5.8 -5.2 7.2 -6.7 1.5 -1.6 3.3 -2.8 4.1 -2.8 0.7 0 1.6 -0.7 1.9 -1.5 1 -2.6 2.4 -1.6 2.4 1.8 0 2.5 -0.9 4 -4.1 6.7 -2.2 1.9 -6.1 5.4 -8.5 7.8 -2.5 2.3 -4.9 4.2 -5.4 4.2 -0.6 0 -1 0.7 -1 1.5 0 0.9 -1.1 2 -2.4 2.5 -1.3 0.5 -3.3 2.2 -4.5 3.9 -1.2 1.6 -3.1 3.3 -4.2 3.6 -1.1 0.4 -2.4 1.8 -2.9 3.1 -0.5 1.3 -1.6 2.4 -2.3 2.4 -0.7 0 -2.7 1.5 -4.4 3.3 -1.8 1.7 -5 4.8 -7.4 6.7 -2.3 1.9 -4.7 4.1 -5.4 4.8 -0.8 0.6 -1.5 1.2 -1.8 1.2 -0.4 0 -5.3 4.6 -17.6 16.3 -3.6 3.4 -7.6 7 -9 7.9 -3.6 2.5 -9.9 2.2 -13.6 -0.5z"/>
  <path d="M574.6 899.8 c-0.9 -1.2 -1.6 -4 -1.6 -6.1 l0 -3.9 3 2.5 c1.6 1.4 3.3 2.7 3.7 2.9 0.4 0.1 1.8 1.8 3.1 3.6 l2.3 3.2 -4.5 0 c-3.5 0 -4.8 -0.5 -6 -2.2z"/>
  <path d="M365.7 890.6 c1 -1.3 2.9 -3.1 4.3 -3.9 1.4 -0.9 4.3 -3.2 6.5 -5.1 2.2 -2 4.5 -3.6 5.1 -3.6 0.5 0 2 -1.3 3.2 -3 1.3 -1.6 2.8 -3 3.5 -3 0.8 0 2.8 -1.3 4.5 -2.8 1.7 -1.6 4.4 -3.5 5.9 -4.3 1.5 -0.8 3.8 -2.6 5.1 -4.1 1.3 -1.6 2.9 -2.8 3.6 -2.8 0.7 0 2.8 -1.4 4.7 -3.1 1.9 -1.7 4.5 -4.1 5.9 -5.3 1.4 -1.3 4 -3.1 5.9 -4.2 3.2 -1.9 4.3 -2.7 12.6 -9.9 2.2 -1.9 4.5 -3.5 5.1 -3.5 0.7 0 1.9 -1.1 2.8 -2.5 0.9 -1.4 2.2 -2.5 2.9 -2.5 1.2 0 5.8 -3.5 11.2 -8.5 2.8 -2.5 5.4 -4.2 8.2 -5.4 1.2 -0.6 2.5 -1.6 3 -2.3 1.3 -2.3 7 -5.8 9.1 -5.8 1.1 0 2.3 -0.6 2.5 -1.2 0.3 -0.7 0.6 0.2 0.6 1.9 0.1 2.5 -0.5 3.7 -2.6 5 -1.5 1 -3.8 2.8 -5.2 4.1 -1.3 1.2 -3 2.2 -3.7 2.2 -0.8 0 -2.1 1.1 -3 2.5 -0.9 1.4 -2.2 2.5 -2.8 2.5 -0.7 0 -2.5 1.3 -4.2 2.8 -1.6 1.6 -4.1 3.7 -5.6 4.7 -1.6 0.9 -2.8 2.3 -2.8 2.9 0 0.6 -1.2 1.7 -2.7 2.4 -5.1 2.3 -8.3 4.3 -8.3 5.2 0 0.5 -1.7 1.8 -3.7 2.9 -2.1 1.1 -4.4 2.9 -5.1 4 -0.7 1.2 -1.9 2.1 -2.6 2.1 -0.8 0 -2.3 1.1 -3.4 2.5 -1.1 1.4 -2.3 2.5 -2.6 2.5 -1.1 0 -7 4.4 -8.3 6.1 -0.7 0.9 -2.6 2.2 -4.3 2.9 -1.6 0.7 -3 1.8 -3 2.5 0 0.7 -1.5 2 -3.2 2.8 -1.8 0.9 -4.2 2.4 -5.3 3.4 -1.1 1 -3.6 3 -5.5 4.3 -1.9 1.3 -4.8 3.7 -6.5 5.2 -1.6 1.5 -3.5 2.8 -4.2 2.8 -0.7 0 -1.6 0.6 -2 1.4 -0.4 0.8 -2.5 2.4 -4.5 3.6 -2.1 1.2 -3.8 2.6 -3.8 3.1 0 0.5 -2 0.9 -4.5 0.9 l-4.6 0 1.8 -2.4z"/>
  <path d="M844 862.4 c0 -3.8 2.2 -6.4 13.1 -15.4 2.3 -1.9 5.8 -5.1 7.8 -7 2.1 -1.9 5.9 -5.3 8.5 -7.5 2.6 -2.2 6.6 -5.7 8.9 -7.7 2.3 -2.1 4.6 -3.8 5 -3.8 0.5 0 2 -1.3 3.4 -3 1.7 -2.1 3.4 -3 5.4 -3 4.1 0 3.7 2.1 -1.3 6.9 -13.4 12.8 -20.3 19.1 -21 19.1 -0.4 0 -0.8 0.7 -0.8 1.5 0 0.9 -1 2 -2.2 2.5 -1.3 0.5 -3.7 2.2 -5.4 3.7 -1.7 1.5 -5.5 4.8 -8.4 7.3 -3 2.5 -6.7 5.7 -8.4 7.3 -4 3.5 -4.6 3.4 -4.6 -0.9z"/>
  <path d="M347 825.7 c0 -2.6 7.7 -11.2 12 -13.5 6.6 -3.5 8 -4.4 8 -5.3 0 -0.5 1.8 -0.9 4 -0.9 2.2 0 4 0.2 4 0.4 0 1.1 -5.6 6.6 -6.7 6.6 -0.7 0 -2.2 1.4 -3.5 3 -1.2 1.7 -2.7 3 -3.2 3 -0.6 0 -2.3 1 -3.6 2.3 -5.1 4.5 -6.5 5.5 -8.7 6.1 -1.9 0.6 -2.3 0.4 -2.3 -1.7z"/>
  <path d="M509 820.2 c0 -1.5 -0.4 -3.2 -0.9 -3.7 -0.9 -1 -1.4 -3.8 -2.7 -15.5 -0.4 -3 -1.1 -5.7 -1.5 -6.1 -0.5 -0.3 -1.4 -3.4 -1.9 -7 -0.6 -3.5 -1.5 -8.6 -1.9 -11.4 -0.5 -2.7 -1.2 -7.1 -1.6 -9.7 -0.4 -2.7 -1.1 -4.8 -1.5 -4.8 -1.2 0 -2.1 -8.3 -1.4 -12.8 0.4 -2.6 1.2 -4.2 2 -4.2 0.8 0 1.4 0.6 1.4 1.4 0 0.8 0.4 1.6 0.9 1.8 0.8 0.2 4.1 18.2 5.8 31.1 0.3 2 0.9 3.7 1.3 3.7 0.8 0 1 1.1 3.1 15.5 1.4 9.8 3 16.7 4.2 18 0.7 0.8 1.9 0.1 4.1 -2.3 1.7 -1.9 4.2 -4.4 5.5 -5.5 5 -4.6 24.1 -23.8 24.1 -24.4 0 -0.3 6.5 -7.1 14.4 -15 15 -14.9 18.2 -16.8 20.6 -12.4 0.5 1.1 2.6 2.9 4.5 4.1 1.9 1.2 3.5 2.6 3.5 3.1 0 0.5 1.6 2.5 3.5 4.5 1.9 1.9 3.5 4.1 3.5 4.9 0 1.9 -9.3 11.1 -11.9 11.8 -1.8 0.4 -2.1 0.1 -2.1 -2.3 0 -1.9 1.1 -3.7 3.5 -5.9 1.9 -1.7 3.5 -3.2 3.5 -3.4 0 -0.5 -6.9 -7.6 -9.7 -10 -2 -1.8 -2.4 -1.5 -27.9 24.2 -14.3 14.3 -27.8 28.1 -30 30.6 -3.9 4.2 -4.5 4.5 -9.3 4.5 -4.9 0 -5.1 -0.1 -5.1 -2.8z"/>
  <path d="M794.4 795 c-1.2 -0.5 -7.3 -1.6 -13.5 -2.5 -6.3 -0.9 -11.6 -2 -11.9 -2.5 -0.3 -0.4 -2.1 -1 -4 -1.2 -11.1 -1.6 -25 -4.3 -25 -4.9 0 -0.4 -2.4 -1 -5.2 -1.4 -7.1 -0.8 -14.8 -3.6 -14.8 -5.2 0 -1.8 5.7 -1.7 14.5 0.2 3.9 0.8 8.1 1.5 9.5 1.5 5.3 -0.1 -0.8 -2 -11.7 -3.7 -5.9 -0.9 -11 -2 -11.3 -2.4 -0.3 -0.4 -2.3 -0.9 -4.5 -1.2 -8 -1 -24 -4.2 -24.5 -4.8 -0.3 -0.4 -3.2 -1.2 -6.5 -1.7 -10.2 -1.8 -21 -4.4 -21.5 -5.2 -0.3 -0.4 -4.4 -1.3 -9.2 -1.9 -4.9 -0.6 -12.7 -1.6 -17.5 -2.2 -4.9 -0.6 -9 -1.5 -9.3 -1.8 -0.3 -0.4 -3.2 -1.2 -6.5 -1.8 -11.5 -2 -22 -4.7 -22.7 -5.7 -0.4 -0.6 -0.8 -3 -0.8 -5.2 0 -3.5 0.6 -4.8 4 -8.2 2.2 -2.2 4 -4.2 4 -4.6 0 -0.3 -1.6 -0.6 -3.5 -0.6 -1.9 0 -3.5 -0.4 -3.5 -1 0 -0.5 0.5 -1 1 -1 0.6 0 1 -0.6 1 -1.3 0 -0.8 0.9 -2.2 2 -3.2 1.1 -1 2 -2.6 2 -3.7 0 -1 0.6 -1.8 1.3 -1.8 0.6 0 2.1 -1.4 3.2 -3.1 1.1 -1.7 2.8 -3.5 3.8 -4 1.5 -0.9 1.7 -0.5 1.7 3.2 l0 4.2 3 -3.1 c1.7 -1.8 3 -3.8 3 -4.5 0 -0.7 1.4 -2.3 3 -3.5 1.7 -1.3 3 -2.9 3 -3.7 0 -0.7 1.4 -2.3 3 -3.5 1.7 -1.2 3 -2.7 3 -3.3 0 -0.7 1.4 -2.8 3 -4.7 1.7 -1.9 4.2 -4.8 5.7 -6.5 1.4 -1.6 3.7 -4.8 5.2 -7 1.4 -2.2 3.6 -4.8 4.9 -5.8 1.2 -1 2.2 -2.3 2.2 -2.9 0 -0.5 1.2 -2.2 2.8 -3.7 1.5 -1.5 4 -4.2 5.5 -5.9 l2.9 -3.2 -2.6 0 c-2.8 0 -2.7 -0.2 0.6 -6 0.4 -0.8 1.1 -2.1 1.4 -2.7 0.9 -1.8 5.4 -7 9.2 -10.6 1.7 -1.7 3.2 -3.6 3.2 -4.2 0 -0.6 1.4 -2.1 3 -3.3 1.7 -1.3 3 -2.8 3 -3.4 0 -0.7 1.4 -2.6 3 -4.2 1.7 -1.7 5.2 -5.3 7.8 -8 l4.7 -4.9 0.3 3.2 0.3 3.3 2.7 -3 c6.6 -7.4 7.9 -8.9 10.7 -12.7 6.2 -8.2 6.5 -8.6 15.5 -16.6 3.9 -3.4 5.1 -3.9 8.5 -3.7 3.3 0.2 4.1 0.7 4.3 2.6 0.2 1.2 0.8 2.2 1.3 2.2 0.5 0 0.9 1.3 0.9 2.9 0 1.6 0.7 4.2 1.5 5.7 0.8 1.6 1.8 5 2.1 7.7 0.4 2.6 1 4.7 1.4 4.7 0.5 0 1.1 1.5 1.5 3.3 1.9 9.7 4.9 20.7 5.6 20.7 0.4 0 1 1.8 1.4 4 0.4 2.2 1.5 6.4 2.6 9.2 1 2.9 1.9 6.5 1.9 8 0 1.6 0.4 2.8 0.9 2.8 0.8 0 2.3 5.4 4 14.9 0.5 2.3 1.3 4.6 1.8 5 0.5 0.3 1.9 4 2.9 8.1 l1.9 7.5 0.3 -5.7 c0.2 -4.1 0.7 -5.8 1.7 -5.8 0.8 0 1.8 2.1 2.6 5.8 0.7 3.1 1.5 5.9 1.9 6.2 0.3 0.3 1.6 4.8 2.9 10 1.3 5.2 2.6 9.7 3 10 0.4 0.3 1.5 3.7 2.5 7.5 0.9 3.9 2.1 8.5 2.6 10.4 0.5 1.9 1.3 3.7 1.8 4 0.5 0.3 1.2 2.4 1.6 4.6 0.4 2.2 1.2 6 1.7 8.5 0.6 2.5 1.3 6 1.6 7.8 0.3 1.7 0.9 3.2 1.4 3.2 0.5 0 0.9 2 0.9 4.5 0 4.1 -0.2 4.5 -2.5 4.5 -2.4 0 -3.5 1.5 -1.6 2.2 1.4 0.4 3.6 16.8 2.7 20.1 -0.5 2.3 -1.1 2.7 -4.3 2.7 -4.8 0 -3.5 1.1 2.4 2 5 0.8 8 0.1 10.4 -2.2 0.8 -0.7 2.5 -1.9 3.9 -2.6 3.4 -1.6 5.8 -3.3 8.8 -5.9 1.4 -1.3 3.1 -2.3 3.8 -2.3 0.8 0 1.9 -0.9 2.6 -2 0.7 -1.1 1.9 -2 2.6 -2 0.8 0 2.5 -0.9 3.9 -2 1.4 -1.1 3.2 -2 3.9 -2 0.7 0 1.8 -0.9 2.4 -2 0.6 -1.1 1.8 -2 2.8 -2 0.9 0 2.9 -1 4.3 -2.2 4 -3.6 6.6 -4.8 10.4 -4.8 1.9 0 3.5 0.3 3.5 0.6 0 1.1 -7.3 7.4 -8.6 7.4 -0.7 0 -2.1 1 -3.1 2.3 -1 1.2 -4.4 3.5 -7.6 5.1 -3.1 1.6 -5.7 3.3 -5.7 3.8 0 0.4 -1.5 1.4 -3.2 2.3 -3.6 1.6 -7 3.6 -7.8 4.6 -0.3 0.4 -2.4 1.6 -4.6 2.7 -2.3 1.2 -4.4 2.8 -4.7 3.7 -0.4 0.8 -1.2 1.5 -1.9 1.5 -0.7 0 -2.4 0.9 -3.8 2 -2.7 2.1 -9.7 2.6 -13.6 1z m-11.4 -8 c0 -0.5 -0.4 -1 -1 -1 -0.5 0 -1 0.5 -1 1 0 0.6 0.5 1 1 1 0.6 0 1 -0.4 1 -1z m-10.1 -2.4 c-0.2 -0.2 -2.2 -0.6 -4.4 -0.9 -2.7 -0.4 -3.5 -0.3 -2.5 0.3 1.4 0.9 7.9 1.5 6.9 0.6z m-14.6 -2.9 c-2.9 -0.5 -5.3 -1.4 -5.3 -1.8 0 -0.5 -1.5 -0.8 -3.2 -0.8 -3.1 0.2 -3.1 0.2 -0.5 0.6 1.5 0.2 2.7 0.8 2.7 1.3 0 0.9 4.2 1.7 9 1.7 1.4 0 0.1 -0.4 -2.7 -1z m35.4 -21.9 c-0.3 -0.8 -0.6 -0.5 -0.6 0.6 -0.1 1.1 0.2 1.7 0.5 1.3 0.3 -0.3 0.4 -1.2 0.1 -1.9z m-1.7 -8.2 c-2.8 -9.2 -2.8 -9.3 -2.9 -6.9 -0.1 2.9 3.2 13.8 3.7 12.3 0.3 -0.7 -0.1 -3.1 -0.8 -5.4z m-4.9 -15.8 c-1.6 -8.3 -4 -15.8 -5.2 -15.8 -1.2 0 -1.2 1.7 0.1 2.2 0.5 0.2 1.4 2.8 1.9 5.8 1.4 7.8 3.4 15.1 3.9 14.5 0.3 -0.2 -0.1 -3.3 -0.7 -6.7z m-179 -10.5 c1.3 -1.6 1.2 -1.7 -0.3 -0.4 -1 0.7 -1.8 1.5 -1.8 1.7 0 0.8 0.8 0.3 2.1 -1.3z m2.9 -1.8 c0 -0.3 -0.2 -0.5 -0.5 -0.5 -0.3 0 -0.5 0.2 -0.5 0.5 0 0.3 0.2 0.5 0.5 0.5 0.3 0 0.5 -0.2 0.5 -0.5z m170 -8 c0 -0.3 -0.2 -0.5 -0.5 -0.5 -0.3 0 -0.5 0.2 -0.5 0.5 0 0.3 0.2 0.5 0.5 0.5 0.3 0 0.5 -0.2 0.5 -0.5z m-1.3 -4.2 c-0.4 -0.3 -0.7 0 -0.7 0.7 0 0.7 0.3 1 0.7 0.7 0.3 -0.4 0.3 -1 0 -1.4z m-1.7 -7 c-1 -1.6 -1.1 -1.5 -0.6 0.7 0.3 1.4 0.6 3.2 0.7 4 0.1 0.8 0.4 0.5 0.6 -0.7 0.2 -1.2 -0.1 -3 -0.7 -4z m-1.3 -4.5 c-0.3 -0.8 -0.6 -0.5 -0.6 0.6 -0.1 1.1 0.2 1.7 0.5 1.3 0.3 -0.3 0.4 -1.2 0.1 -1.9z m-2 -4.5 c-0.4 -0.3 -0.7 0 -0.7 0.7 0 0.7 0.3 1 0.7 0.7 0.3 -0.4 0.3 -1 0 -1.4z m-1 -5 c-0.4 -0.3 -0.7 0 -0.7 0.7 0 0.7 0.3 1 0.7 0.7 0.3 -0.4 0.3 -1 0 -1.4z m-101.9 -42.8 c-0.3 -0.3 -0.9 0.2 -1.2 1.2 -0.6 1.4 -0.5 1.5 0.5 0.6 0.7 -0.7 1 -1.5 0.7 -1.8z m2.2 -2 c0 -0.3 -0.2 -0.5 -0.5 -0.5 -0.3 0 -0.5 0.2 -0.5 0.5 0 0.3 0.2 0.5 0.5 0.5 0.3 0 0.5 -0.2 0.5 -0.5z m5.5 -6.5 c0.3 -0.5 0.4 -1 0.1 -1 -0.3 0 -0.8 0.5 -1.1 1 -0.3 0.6 -0.4 1 -0.1 1 0.3 0 0.8 -0.4 1.1 -1z m15.5 -19.5 c0 -0.3 -0.2 -0.5 -0.5 -0.5 -0.3 0 -0.5 0.2 -0.5 0.5 0 0.3 0.2 0.5 0.5 0.5 0.3 0 0.5 -0.2 0.5 -0.5z m2 -1 c0 -0.3 -0.2 -0.5 -0.5 -0.5 -0.3 0 -0.5 0.2 -0.5 0.5 0 0.3 0.2 0.5 0.5 0.5 0.3 0 0.5 -0.2 0.5 -0.5z"/>
  <path d="M651.5 765.9 c-2.2 -0.4 -5.6 -0.8 -7.7 -0.8 -2 -0.1 -3.8 -0.5 -4 -1.1 -0.3 -1 -7.6 -2.9 -18 -4.5 -2.5 -0.4 -3.8 -1.1 -3.8 -2.1 0 -1.4 1.3 -1.5 8.8 -1 4.8 0.3 11.4 0.9 14.7 1.4 3.3 0.6 8.5 1.3 11.5 1.8 3 0.4 6.1 1.3 6.8 2.1 0.7 0.7 2.7 1.3 4.3 1.3 2.2 0 2.9 0.5 2.9 2 0 1.8 -0.6 2 -5.7 1.9 -3.2 -0.1 -7.6 -0.5 -9.8 -1z"/>
  <path d="M432 730 c0 -0.6 0.7 -1.3 1.5 -1.6 5 -2 -2.4 -2.4 -39.5 -2.4 -39.4 0 -41 -0.1 -42 -1.9 -1.2 -2.3 -1.4 -24 -0.2 -25.8 0.6 -0.9 6.8 -1.3 23.2 -1.5 l22.5 -0.3 0.3 -29.7 c0.2 -29 0.3 -29.8 2.2 -29.8 2 0 2 0.7 2 31.3 0 17.1 -0.4 31.8 -0.8 32.4 -0.6 0.9 -6.7 1.3 -22.7 1.5 l-22 0.3 -0.3 8.8 -0.3 8.7 31.1 0 c20 0 31 0.4 31 1 0 0.6 4.2 1 10.5 1 l10.5 0 0 4.5 c0 4.5 0 4.5 -3.5 4.5 -1.9 0 -3.5 -0.5 -3.5 -1z"/>
  <path d="M492 726.4 c0 -6.7 -2.4 -6.4 52.4 -6.4 l49.6 0 0 -9 0 -9 -22.9 0 c-19.9 0 -23 -0.2 -23.5 -1.6 -0.3 -0.9 -0.6 -16.4 -0.6 -34.5 l0 -32.9 4 0 c2.9 0 4 0.4 4 1.5 0 0.8 -0.6 1.5 -1.4 1.5 -0.7 0 -1.6 1 -2 2.3 -0.8 2.9 -0.8 55.1 0 57.1 0.5 1.4 3.4 1.6 22.1 1.6 17.5 0 21.7 0.3 22.9 1.5 1.2 1.1 1.4 4.1 1.2 14.2 l-0.3 12.8 -50.8 0.3 c-49.9 0.2 -50.9 0.3 -51.4 2.2 -0.9 3.5 -3.3 2.4 -3.3 -1.6z"/>
  <path d="M422.5 699.8 c-0.3 -1.3 -0.4 -16.9 -0.3 -34.8 l0.3 -32.5 51.8 -0.3 51.7 -0.2 0 3.5 c0 3.6 -1.3 4.7 -2.4 2 -0.5 -1.3 -6.9 -1.5 -49.1 -1.5 l-48.5 0 0 29.9 c0 26.3 0.2 30 1.6 30.5 0.9 0.3 22.7 0.6 48.5 0.6 40.8 0 47 -0.2 47.5 -1.5 1.1 -2.8 2.4 -1.5 2.4 2.5 l0 4 -51.5 0 -51.5 0 -0.5 -2.2z"/>
  <path d="M874.6 692.6 c-1.1 -0.6 -2.9 -1.9 -4 -2.9 -1.2 -1 -3.3 -2.5 -4.8 -3.3 -1.5 -0.7 -2.9 -2.3 -3.3 -3.4 -0.3 -1.1 -1.1 -2 -1.6 -2 -0.5 0 -0.9 -0.5 -0.9 -1.1 0 -0.8 1.5 -1 4.3 -0.7 5.9 0.7 13 7.3 12.5 11.6 -0.3 2.6 -0.5 2.8 -2.2 1.8z"/>
  <path d="M832.6 656.7 c-12.9 -11 -14.3 -13.3 -7.6 -12.4 5.4 0.7 14 9 14 13.6 0 1.7 -0.3 3.1 -0.7 3.1 -0.5 0 -3 -1.9 -5.7 -4.3z"/>
  <path d="M486.3 612.3 c-1 -0.3 -1.3 -5.4 -1.3 -20.4 l0 -19.9 -2.6 -0.6 c-1.4 -0.4 -6.6 -0.4 -11.5 -0.2 -8.9 0.5 -8.9 0.5 -8.9 -1.9 l0 -2.4 13.3 0.3 13.2 0.3 0.3 19.5 c0.2 21.4 0.4 22 6.4 22 2.1 0 2.8 0.5 2.8 2 0 1.8 -0.6 2 -5.2 1.9 -2.9 0 -5.9 -0.3 -6.5 -0.6z"/>
  <path d="M264 577.6 c0 -1.3 1.4 -3.9 3.3 -5.8 1.7 -1.9 4.8 -5.3 6.7 -7.6 1.9 -2.3 4 -4.1 4.5 -4.2 0.6 0 2 -1.6 3.3 -3.5 1.2 -1.9 2.7 -3.5 3.3 -3.5 1.2 0 3.9 -2.5 3.9 -3.7 0 -0.7 5.2 -5.7 16 -15.3 3.4 -3 5.3 -4 8 -4 1.9 0 3 0.4 2.4 0.8 -0.6 0.4 -1.6 1.6 -2.2 2.7 -2.1 3.8 -43.6 44.5 -45.4 44.5 -1 0 -1.8 0.5 -1.8 1 0 0.6 -0.4 1 -1 1 -0.5 0 -1 -1.1 -1 -2.4z"/>
  <path d="M939.3 549.4 c-18.5 -18.7 -20.3 -20.8 -20.3 -23.9 0 -2.8 0.4 -3.5 2 -3.5 1.3 0 1.8 0.5 1.4 1.5 -0.4 0.8 -0.2 1.5 0.4 1.5 1.3 0 2.9 1.5 21.4 19.7 8 7.9 15.6 15.9 16.9 17.8 2.5 3.6 4.9 4.6 4.9 2 0 -0.8 0.7 -1.5 1.5 -1.5 1 0 1.5 1.1 1.5 3.5 l0 3.5 -4.7 -0.1 -4.8 -0.1 -20.2 -20.4z"/>
  <path d="M906.6 538.6 c-9 -8.9 -16.7 -17.3 -17.1 -18.5 -0.6 -1.8 -0.3 -2.1 2.6 -2.1 2.7 0 5.1 1.9 18 14.8 13.9 13.7 14.9 15 14.9 18.5 0 2 -0.5 3.7 -1 3.7 -0.6 0 -8.4 -7.4 -17.4 -16.4z"/>
  <path d="M267 550.5 c0 -0.3 2.2 -2.7 4.8 -5.3 2.7 -2.7 4.7 -5.3 4.4 -6 -0.4 -1.4 -3.9 -1.6 -4.4 -0.3 -0.1 0.5 -7.4 1.3 -16 1.7 -15.7 0.7 -15.8 0.7 -15.8 -1.5 0 -1.7 0.6 -2.1 3 -2.1 1.7 0 3 -0.4 3 -1 0 -0.6 3.3 -1 7.8 -1 4.2 0 10.6 -0.5 14.2 -1.1 3.6 -0.6 8.5 -0.7 10.9 -0.4 l4.3 0.7 -0.5 4.5 c-0.7 6.1 -6.8 12.3 -12.2 12.3 -1.9 0 -3.5 -0.2 -3.5 -0.5z"/>
  <path d="M969.5 535.7 c-0.4 -2.3 -0.5 -5.8 -0.3 -7.7 l0.3 -3.5 7 -0.3 c3.9 -0.2 14.1 0.2 22.8 0.9 14.3 1.1 15.7 1.3 15.7 3.1 0 1.8 -0.7 1.8 -13.7 1.4 -7.6 -0.3 -16.8 -0.8 -20.5 -1.2 l-6.8 -0.7 0 6.2 c0 5.4 -0.2 6.1 -1.9 6.1 -1.6 0 -2.1 -0.9 -2.6 -4.3z"/>
  <path d="M187 533.2 c0 -4.5 0.3 -5 6.8 -11.3 3.7 -3.7 8.1 -8.2 9.8 -10 1.8 -1.9 6.3 -6.4 10 -10 3.8 -3.7 8.4 -8.3 10.2 -10.3 2.9 -3.2 3.8 -3.6 8.2 -3.6 l5 0 0 3.8 c0 5.6 -1.9 32.1 -2.6 37 -0.6 4 -0.8 4.2 -4 4.2 -2.4 0 -3.4 -0.5 -3.4 -1.5 0 -0.8 0.6 -1.5 1.4 -1.5 1.6 0 2.3 -4.7 3.2 -23.2 0.4 -9.2 0.3 -12.8 -0.5 -12.8 -1.5 0 -12.1 10.4 -12.1 11.9 0 0.6 -0.5 1.1 -1 1.1 -1.4 0 -25 23.6 -25 24.9 0 0.7 3.7 1.1 10 1.1 9.1 0 10 0.2 10 1.9 0 2.4 -3.5 3.1 -16.1 3.1 l-9.9 0 0 -4.8z"/>
  <path d="M192.6 502.1 c2.1 -4.3 72.3 -74.1 74.4 -74.1 1 0 2.1 -0.6 2.3 -1.2 0.3 -0.7 0.6 0.1 0.6 1.9 0.1 1.7 -0.4 3.5 -1 3.8 -0.5 0.4 -1.4 1.8 -1.9 3.1 -0.5 1.3 -1.5 2.4 -2.3 2.4 -1.4 0 -4 2.7 -5 5.3 -0.3 0.9 -1.2 1.7 -1.9 1.7 -1.6 0.1 -10.8 9.3 -10.8 10.9 0 0.6 -1.1 1.7 -2.5 2.3 -1.4 0.6 -2.5 1.4 -2.5 1.9 0 0.4 -2.6 3.2 -5.8 6.3 -3.1 3.1 -6.4 6.4 -7.2 7.3 -0.8 0.9 -2.8 2.8 -4.4 4.2 -1.6 1.4 -8.6 8.1 -15.4 14.9 -9.9 9.7 -13.1 12.2 -15.3 12.2 -2.7 0 -2.7 0 -1.3 -2.9z"/>
  <path d="M862.1 491.7 c-0.7 -0.9 -2 -1.7 -2.8 -1.7 -1.6 0 -95.4 -93.4 -97.2 -96.9 -1.1 -1.9 -0.9 -2.1 2 -2.1 2.5 0 4.4 1.3 10.1 7 3.9 3.9 7.2 7 7.5 7 0.3 0 4.5 4.1 9.4 9 4.8 5 9.1 9 9.4 9 1 0 5.4 5.4 5.5 6.8 0 0.6 0.5 1.2 1.1 1.2 0.6 0 13.7 12.5 29.1 27.9 26.5 26.3 27.9 28 27.6 31.1 -0.3 3 -0.4 3.2 -1.7 1.7z"/>
  <path d="M988.8 475 c-9.8 -9.8 -17.8 -18.4 -17.8 -18.9 0 -0.6 -1.1 -1.8 -2.5 -2.7 -1.8 -1.2 -2.5 -2.5 -2.5 -4.7 0 -2.4 0.3 -2.8 1.2 -1.9 0.7 0.7 1.9 1.2 2.8 1.2 1.6 0 35.4 34.2 43.9 44.5 0.2 0.3 -1.3 0.5 -3.5 0.5 -3.7 -0.1 -4.7 -0.9 -21.6 -18z"/>
  <path d="M880 489.5 c-0.8 -0.8 -6.6 -6.5 -12.7 -12.6 -10.5 -10.2 -11.3 -11.3 -11.2 -14.7 0 -2 0.3 -3.1 0.6 -2.4 0.2 0.6 1 1.2 1.7 1.2 0.7 0 2.6 1.5 4.2 3.3 1.7 1.7 5.7 5.5 8.9 8.2 3.2 2.8 7 6.2 8.3 7.8 1.4 1.5 3 2.7 3.5 2.7 0.5 0 0.8 -4.8 0.7 -11.7 -0.4 -15.7 -0.5 -15.3 2.5 -15.3 2.3 0 2.5 0.4 2.5 4.3 0 2.3 0.5 7.4 1.1 11.2 0.6 3.9 0.7 9.8 0.4 13.3 l-0.7 6.2 -4.2 0 c-2.4 0 -4.8 -0.6 -5.6 -1.5z"/>
  <path d="M270.5 459.5 c-0.5 -0.2 -2.2 -0.6 -3.7 -0.9 -2.3 -0.5 -2.8 -1.2 -2.8 -3.7 0 -2.5 1.3 -4.5 6.3 -9.5 4.1 -4.2 7 -6.4 8.5 -6.4 2 0 2.2 0.4 1.6 2.3 -1.5 5 -2.4 6.7 -3.4 6.7 -1.3 0 -5 3.7 -5 5 0 0.6 6.3 1 17 1 16.3 0 17 0.1 17 2 0 1.8 -0.7 2 -8.4 2 -4.7 0 -8.8 0.5 -9.1 1 -0.6 0.9 -15.6 1.3 -18 0.5z"/>
  <path d="M346.3 451.5 c-0.3 -0.9 -0.3 -1.8 0 -2.2 0.8 -0.7 13.9 -2.2 20.4 -2.3 4.1 0 5.3 -0.4 5.8 -1.8 0.3 -1.1 1.7 -2.4 3 -3 1.4 -0.6 2.5 -1.6 2.5 -2.2 0 -0.5 0.5 -1 1 -1 1.4 0 1.2 5.6 -0.2 8.3 -0.7 1.2 -1.4 2.4 -1.5 2.6 -0.5 1 -15.8 3.1 -22.6 3.1 -6.1 0 -7.9 -0.3 -8.4 -1.5z"/>
  <path d="M931.4 438.7 c-0.6 -0.7 -3.5 -3.2 -6.3 -5.6 -2.8 -2.4 -5.1 -4.9 -5.1 -5.5 0 -0.7 -1.4 -2.2 -3.1 -3.5 -1.6 -1.2 -3.4 -3.3 -3.9 -4.7 -0.5 -1.3 -1.4 -2.4 -2 -2.4 -0.5 0 -1 -0.4 -1 -1 0 -0.5 1.4 -1 3 -1 2.4 0 4.2 1.1 8 5.1 5 5.3 5.6 5.9 9.6 9.8 1.7 1.7 2.4 3.5 2.4 6.2 0 4.3 0 4.3 -1.6 2.6z"/>
  <path d="M819.2 428.8 c-1.4 -2.3 -2.2 -6.1 -2.7 -12.8 -0.4 -5.2 -1.1 -9.8 -1.6 -10.1 -0.6 -0.3 -1.1 -9 -1.2 -19.5 l-0.2 -18.9 6.5 -0.3 c9.1 -0.4 13 0.4 13 2.8 0 1.8 -0.7 2 -8 2 l-8 0 0 3.4 c0 1.9 0.5 3.6 1 3.8 0.6 0.2 1.5 9.3 2.2 21.3 1.1 18.9 1.4 21.2 3.3 23.1 1.1 1.1 2.5 3.5 3.2 5.2 1.1 3.2 1.1 3.2 -2.2 3.2 -2.7 0 -3.7 -0.6 -5.3 -3.2z"/>
  <path d="M392.6 390.5 c-0.4 -4.7 -0.4 -9 -0.1 -9.5 0.3 -0.6 4.9 -1 10.1 -1 14.1 0 12.3 3.2 -3.1 5.2 -1.5 0.3 -2.1 1.2 -2.3 3.8 -0.5 6.8 -1.3 10 -2.6 10 -0.9 0 -1.5 -2.5 -2 -8.5z"/>
  <path d="M343 376.6 c0 -4.5 0.8 -5.5 15.6 -19.4 0.7 -0.7 2.1 -2.6 3.1 -4.2 0.9 -1.6 3.6 -4.2 6 -5.7 2.4 -1.5 4.3 -3.1 4.3 -3.5 0 -0.5 2.9 -3.8 6.5 -7.3 5.5 -5.5 7 -6.5 10 -6.5 4.3 0 4.4 0.6 4.7 15.5 0.3 14.9 -1.1 29.6 -3 31.5 -1.5 1.5 -25.3 3.8 -40.9 3.9 l-6.3 0.1 0 -4.4z m28.3 -1.3 c4.8 -0.3 8.7 -1 8.7 -1.4 0 -0.5 1.1 -0.9 2.4 -0.9 3.1 0 3.3 -0.8 4.2 -14.2 0.3 -6 1 -10.8 1.5 -10.8 0.5 0 0.9 -2.2 0.9 -5 0 -3.9 -0.4 -5 -1.6 -5 -1.8 0 -38.4 36.3 -38.4 38.1 0 0.9 1.8 1 6.8 0.5 3.7 -0.3 10.6 -0.9 15.5 -1.3z"/>
  <path d="M817.7 364.7 c-6.6 -1.2 -6.2 -0.6 -7.2 -13.7 -0.3 -4.6 -0.9 -8.7 -1.4 -9 -1.1 -0.7 -2.3 -18.9 -1.5 -22.8 0.6 -3.1 0.9 -3.2 5.5 -3.2 3.7 0 4.9 0.4 4.9 1.5 0 0.8 1 1.7 2.3 2 1.3 0.4 3.1 1.9 4.1 3.6 0.9 1.6 2.4 2.9 3.2 2.9 0.8 0 1.4 0.4 1.4 0.9 0 0.5 1.8 2.7 4.1 5 3.4 3.6 4 4.7 3.7 7.9 l-0.3 3.7 -10.4 -10.2 c-5.7 -5.7 -11.1 -10.3 -11.9 -10.3 -1.2 0 -1.3 0.9 -0.8 4.3 0.3 2.3 0.9 9.8 1.2 16.7 0.4 6.9 1.1 13.1 1.7 13.8 0.5 0.7 3.2 1.2 6.3 1.2 3 0 5.4 0.5 5.4 1 0 0.6 2.1 1 4.8 1 2.6 0 5.7 0.3 7 0.6 3.2 0.9 2.8 3.4 -0.5 3.4 -1.6 0 -5.7 0.2 -9.3 0.4 -3.6 0.2 -9.1 -0.1 -12.3 -0.7z"/>
  <path d="M784.5 360.9 c-5.5 -0.4 -13.7 -1.1 -18.2 -1.4 -7.5 -0.6 -8.3 -0.9 -8.3 -2.7 0 -2.3 0.6 -2.3 34.9 -0.1 l10.4 0.6 -0.7 -10.4 c-0.8 -12.1 -1.2 -16.8 -2.7 -30.4 -1.1 -9 -1.5 -10.2 -4 -12.4 -1.6 -1.4 -2.9 -3 -2.9 -3.6 0 -1.4 -2.9 -3.1 -6.8 -4 -5.5 -1.2 -4 -3.5 2.3 -3.5 5.3 0 5.9 0.3 10.2 4.5 2.5 2.5 4.9 4.5 5.3 4.5 0.9 0 2.2 25.1 2.4 45 l0.1 14.5 -6 0.1 c-3.3 0.1 -10.5 -0.2 -16 -0.7z"/>
  <path d="M486 356 c0 -2.5 3.1 -6 20.5 -23.4 11.3 -11.3 20.5 -20.8 20.5 -21.1 0 -1 7 -7.7 10.2 -9.7 2.8 -1.9 7.8 -2.4 7.8 -0.9 0 1.1 -10.2 12.3 -16.1 17.7 -1.9 1.7 -4.8 4.6 -6.5 6.5 -1.8 1.9 -6.3 6.4 -10 10 -3.8 3.7 -8.3 8.2 -10 10 -5.4 5.8 -14.3 13.9 -15.4 13.9 -0.5 0 -1 -1.3 -1 -3z"/>
  <path d="M460 334 c0 -9.3 0.4 -15 1 -15 0.6 0 1 -2.3 1 -5 l0 -5.1 -16 0.6 c-15.6 0.6 -16 0.5 -16 -1.5 0 -1.8 0.6 -2 5.9 -2 3.3 0 6.1 -0.4 6.3 -0.9 0.2 -0.5 5.7 -1.1 12.3 -1.3 l12 -0.3 -0.1 11 c0 6.1 -0.4 16.3 -0.9 22.8 -0.8 11.4 -0.9 11.7 -3.1 11.7 l-2.4 0 0 -15z"/>
  <path d="M473 344.4 c0 -0.4 2.3 -2.8 5 -5.4 2.8 -2.6 5 -5.2 5 -5.7 0 -0.5 1.4 -1.7 3 -2.6 1.7 -1 3 -2.5 3 -3.3 0 -0.8 0.4 -1.4 0.9 -1.4 1.2 0 21.1 -19.8 21.1 -21 0 -0.9 -6 -0.7 -25.8 0.6 -9.6 0.7 -10.2 1.3 -10.2 11 0 3 -0.4 5.4 -1 5.4 -0.5 0 -1 1.7 -1 3.8 0 5.1 -1 8.2 -2.5 8.2 -1.8 0 -3.1 -16.5 -1.6 -20.3 0.6 -1.6 1.1 -4.2 1.1 -5.9 0 -5.7 2 -6.4 20.6 -7.1 9.2 -0.4 19.1 -0.7 22.1 -0.7 l5.3 0 0 3.4 c0 2.2 -0.9 4.4 -2.7 6.5 -6.1 7 -10.9 11.8 -12.5 12.4 -1 0.3 -1.8 1.3 -1.8 2.2 0 0.8 -0.4 1.5 -0.9 1.5 -0.5 0 -5.2 4.3 -10.4 9.5 -8.5 8.4 -10 9.5 -13.1 9.5 -2 0 -3.6 -0.3 -3.6 -0.6z"/>
  <path d="M701.5 331.6 c-1.6 -1.2 -10 -9.2 -18.7 -17.8 -8.6 -8.7 -15.9 -15.8 -16.3 -15.8 -1 0 -70.2 -69.6 -71.4 -71.8 -0.7 -1.2 -1.6 -2.2 -2.1 -2.2 -1.2 0 -22 -20.6 -22 -21.8 0 -0.6 -1.6 -1.7 -3.5 -2.6 -1.9 -0.9 -3.5 -2.4 -3.5 -3.2 0 -1.8 14.8 -16.4 16.6 -16.4 0.7 0 2.1 1.6 3 3.5 0.9 1.9 2.2 3.5 2.9 3.5 0.7 0 1.5 0.5 1.7 1.1 0.2 0.7 5.1 -3.5 10.8 -9.2 l10.5 -10.3 0.3 4.7 c0.3 4.1 -0.1 5 -2.5 7.2 -1.5 1.3 -3.4 2.5 -4 2.5 -0.7 0 -1.3 0.6 -1.3 1.3 0 0.7 -1.9 3.2 -4.2 5.6 -4.2 4.3 -4.3 4.3 -10.2 3.9 -4 -0.3 -6.3 -1 -7.1 -2.2 -1.1 -1.4 -1.3 -1.5 -1.9 -0.1 -0.3 0.8 -1.2 1.5 -1.9 1.5 -0.8 0 -2 0.7 -2.7 1.6 -1.1 1.3 -1 1.6 0.8 2.1 1.2 0.3 2.2 1.1 2.2 1.7 0 0.6 1.7 2.8 3.8 4.8 14.1 14 20.2 20.4 20.2 21.6 0 0.7 0.8 1.6 1.7 1.9 2.2 0.9 4.8 3 8.7 7.2 1.7 1.8 6.2 6.3 10 10 3.7 3.6 8.2 8.1 10 10 1.7 1.9 4.6 4.8 6.5 6.5 1.9 1.7 4.8 4.6 6.5 6.5 3.5 3.8 10.6 11 15.7 15.7 1.9 1.8 6.4 6.3 10 10 3.7 3.8 8.2 8.3 10 10 1.9 1.7 4.8 4.6 6.5 6.5 1.7 1.9 4.6 4.8 6.5 6.5 9 8.3 12 12.2 11.7 15.1 l-0.3 2.9 -3 -2z"/>
  <path d="M472.5 297.9 c-0.4 -0.5 -0.4 -6.2 0 -12.5 0.7 -10.2 0.9 -11.4 2.6 -11.4 1.7 0 1.9 0.9 1.9 9.7 l0 9.6 10.3 -0.8 c5.6 -0.4 15.8 -1 22.7 -1.4 11.3 -0.5 12.5 -0.8 12.2 -2.4 -0.2 -1 -4.3 -5.7 -9.1 -10.5 -10.2 -10.1 -11.4 -12.2 -7.1 -12.2 2.4 0 4.8 1.8 12.6 9.4 l9.5 9.4 -0.3 4.8 -0.3 4.9 -10.4 0.6 c-5.7 0.4 -10.6 1.1 -11 1.6 -0.9 1.4 -32.8 2.6 -33.6 1.2z"/>
  <path d="M426 293.7 c0 -4.1 0.4 -4.8 8.7 -13 4.8 -4.8 9.1 -8.7 9.5 -8.7 0.4 0 0.8 -0.4 0.8 -0.9 0 -0.5 3.9 -4.8 8.7 -9.5 8.5 -8.3 8.9 -8.6 13.5 -8.6 3.8 0 4.8 0.4 5.3 2 0.9 2.7 -1.4 24.4 -2.6 24.8 -0.5 0.2 -0.9 3.5 -0.9 7.3 0 6.4 -0.2 6.9 -2.2 6.9 -2.1 0 -2.1 -0.1 -1.4 -14.7 0.4 -8.2 1.1 -14.9 1.6 -15.1 1.4 -0.5 1.2 -5 -0.2 -5.5 -1.4 -0.4 -38.8 36.5 -38.8 38.3 0 0.5 -0.4 1 -1 1 -0.5 0 -1 -1.9 -1 -4.3z"/>
  <path d="M805.5 290.9 c-0.5 -0.5 -2.1 -2 -3.5 -3.3 -1.4 -1.4 -3.1 -3.1 -3.7 -3.8 -3 -3.2 -5.9 -6 -7.1 -7.1 -6.1 -5.3 -18 -17.5 -18.5 -19 -0.4 -0.9 -1.8 -2.2 -3.3 -2.7 -1.4 -0.6 -2.8 -1.9 -3.1 -2.9 -0.2 -1 -1.6 -2.5 -3 -3.2 -1.3 -0.7 -3.1 -2.6 -3.9 -4.1 -0.8 -1.5 -2.1 -2.8 -2.9 -2.8 -1.1 0 -1.5 -1.1 -1.5 -4 0 -4 1.3 -5.3 2.4 -2.5 0.3 0.8 1.1 1.5 1.7 1.5 1.4 0 11.9 10.6 11.9 12 0 0.6 0.5 1 1.1 1 1.8 0 37.9 36.3 37.9 38.1 0 0.8 0.5 2 1.2 2.7 0.9 0.9 0.5 1.2 -1.7 1.2 -1.7 -0.1 -3.4 -0.5 -4 -1.1z"/>
  <path d="M733.3 284.8 c-0.4 -0.7 -1.1 -7.4 -1.6 -14.8 -0.4 -7.4 -1 -16.8 -1.3 -20.9 -0.8 -10.3 -0.2 -12.1 4.1 -12.1 2.8 0 4.6 1.1 10.9 7.3 7.1 6.8 7.6 7.5 7.6 11.5 0 2.3 -0.3 4.2 -0.6 4.2 -0.3 0 -3.9 -3.4 -8.1 -7.5 -4.2 -4.1 -8 -7.5 -8.6 -7.5 -0.9 0 -0.7 2.7 1.5 23.3 1.2 10.7 1.2 10.8 4 11.4 1.5 0.3 2.8 0.9 2.8 1.3 0 0.4 1.8 1 4 1.4 2.6 0.4 4 1.1 4 2.1 0 1.2 -1.7 1.5 -8.9 1.5 -6.1 0 -9.2 -0.4 -9.8 -1.2z"/>
  <path d="M713.8 283.9 c-0.2 -0.7 -4.7 -1.3 -11.6 -1.7 -10.4 -0.4 -11.2 -0.6 -11.2 -2.5 0 -1.9 0.5 -2 16.5 -1.5 l16.5 0.5 -0.1 -9.6 c0 -10.9 -2.2 -36.7 -3.3 -39.3 -0.4 -0.9 -2.5 -3.5 -4.7 -5.8 l-4 -4.2 -10.2 -0.8 c-30.7 -2.6 -38.7 -3.1 -39.4 -2.7 -1.4 0.9 2.1 49 3.7 49.5 0.5 0.2 1 0.9 1 1.5 0 0.6 0.7 1.9 1.7 2.9 1.5 1.7 1.4 1.8 -2.2 1.8 -4.9 0 -6.4 -2.1 -6.5 -9 -0.1 -3 -0.6 -7.5 -1.1 -10 -0.6 -2.5 -1.2 -12.9 -1.3 -23.2 l-0.3 -18.8 15.3 0 c11.1 0 15.3 0.3 15.6 1.2 0.3 0.9 4.5 1.4 13.4 1.8 12.9 0.6 17.4 1.8 17.4 4.6 0 0.8 1.1 1.9 2.4 2.4 1.7 0.6 2.8 2.1 3.5 4.7 1.2 4.7 3.1 24 3.1 31.5 0 3.2 0.5 5.8 1.1 6 0.7 0.2 1.2 4 1.3 9.8 l0.1 9.5 -4.7 0.3 c-2.7 0.2 -4.8 0.7 -4.8 1.3 0 1.3 -6.8 1.1 -7.2 -0.2z"/>
  <path d="M672.5 209.1 c-1.1 -0.5 -4.1 -1 -6.7 -1 -4.3 -0.1 -4.8 -0.3 -4.8 -2.3 l0 -2.3 16.2 0.8 c9 0.4 16.9 0.6 17.7 0.5 0.9 -0.2 -0.8 -2.6 -4.5 -6.3 -9.4 -9.4 -9.4 -9.5 -4.5 -9.5 3.2 0 4.8 0.6 6.5 2.5 1.3 1.4 2.7 2.5 3.1 2.5 1.1 0 5.5 4.9 5.5 6.1 0 0.5 0.5 0.9 1 0.9 0.6 0 1 1.8 1 4 0 4 0 4 -3.8 4 -2.2 0 -8.6 0.2 -14.3 0.5 -5.7 0.3 -11.3 0.1 -12.4 -0.4z"/>
 </g>
 <g fill="#151212">
  <path d="M1202 993.5 c0 -80.3 0.3 -121.5 1 -121.5 0.7 0 1 41.2 1 121.5 0 80.3 -0.3 121.5 -1 121.5 -0.7 0 -1 -41.2 -1 -121.5z"/>
  <path d="M866 1081 c0 -0.5 -0.5 -1 -1.2 -1 -1.2 0 -12.8 -11 -12.8 -12.1 0 -0.8 -71.9 -72.7 -79.9 -79.9 -3.3 -3 -6.1 -6.1 -6.1 -6.7 0 -0.7 -0.6 -1.3 -1.2 -1.3 -1.8 0 -10.8 -9.2 -10.8 -11 0 -0.5 -1.3 -1.6 -2.8 -2.4 -1.5 -0.8 -4 -2.9 -5.4 -4.6 -2.2 -2.7 -3.1 -3.1 -5.4 -2.6 -1.5 0.4 -4.1 2.1 -5.8 3.7 -7.5 7.3 -15 13.9 -15.8 13.9 -1.5 0 -6.9 4.3 -12.8 10.3 -3.1 3.1 -6 5.7 -6.4 5.7 -0.3 0 -3.5 2.9 -6.9 6.5 -3.5 3.6 -6.7 6.5 -7.1 6.5 -0.5 0 -3.5 2.7 -6.6 6 -3.1 3.3 -6.1 6 -6.7 6 -0.5 0 -2.3 1.5 -3.9 3.3 -1.6 1.7 -4.1 4.2 -5.4 5.4 -1.4 1.1 -3.9 3.6 -5.6 5.5 -3 3.2 -4.1 4 -9.4 7.5 -1.4 0.9 -3.8 3.3 -5.5 5.4 -1.6 2.1 -3.7 4.1 -4.5 4.4 -0.9 0.3 -3.6 2.3 -6 4.5 -2.5 2.3 -6.7 6 -9.3 8.3 -2.6 2.3 -5.6 5.1 -6.5 6.1 -0.9 1 -2.7 2.8 -3.9 3.9 -1.3 1.1 -2.3 2.6 -2.3 3.3 0 0.7 -0.9 1.6 -2 1.9 -1.5 0.5 -3.1 -0.5 -6.5 -3.9 -2.5 -2.4 -4.5 -4.8 -4.5 -5.2 0 -0.5 -1.8 -2.5 -4.1 -4.6 -4.5 -4.1 -4.9 -7.1 -1 -7.6 1.3 -0.2 3.5 -1.7 4.8 -3.3 1.4 -1.6 3.1 -2.9 3.9 -2.9 0.8 0 1.9 -1.1 2.4 -2.5 0.5 -1.4 1.7 -2.8 2.7 -3.2 2.4 -1 11.3 -10.1 11.3 -11.7 0 -0.7 1.8 -2.8 4.1 -4.7 2.2 -1.9 5.7 -4.7 7.7 -6.4 2 -1.6 5 -4.5 6.7 -6.2 1.7 -1.8 3.6 -3.3 4.2 -3.3 0.6 0 4.1 -2.9 7.8 -6.5 3.7 -3.6 7.3 -6.5 7.9 -6.5 1.5 0 7.5 -5.2 16.5 -14.2 3.7 -3.8 7.2 -6.8 7.7 -6.8 1.3 0 5.4 -4.6 5.4 -6 0 -1.4 5.1 -7 6.4 -7 1 0 2.6 -1.4 10.1 -9 2.2 -2.2 4.4 -4 4.9 -4 1.7 0 14.2 -13.5 13.8 -15 -0.1 -0.8 -1.8 -2.6 -3.7 -4 -1.9 -1.4 -3.5 -3.3 -3.5 -4.2 0 -0.9 -0.9 -1.9 -1.9 -2.3 -1.1 -0.3 -2.3 -1.5 -2.6 -2.6 -0.4 -1 -1.2 -1.9 -1.8 -1.9 -1 0 -8.1 -7 -33.5 -33.2 -8.5 -8.8 -33 -31.8 -33.9 -31.8 -0.6 0 -1.4 -0.8 -1.8 -1.9 -0.3 -1 -8.4 -9.7 -18 -19.2 -9.6 -9.6 -17.5 -18.2 -17.5 -19.1 0 -1.7 7.7 -1.8 147.5 -1.8 142 0 147.4 0.1 146.7 1.8 -1 2.5 -4.8 7.2 -5.8 7.2 -0.5 0 -2.8 1.7 -5.1 3.8 -2.3 2 -6.3 5.5 -8.9 7.7 -2.6 2.2 -6.4 5.6 -8.5 7.5 -2 1.9 -5.5 5.1 -7.8 7 -7.3 6 -13.1 11.7 -13.1 12.8 0 1.3 -8.4 10.2 -9.6 10.2 -0.4 0 -3.7 2.9 -7.3 6.4 -10.4 10.2 -11.4 11.1 -15.1 13.7 -1.9 1.3 -4.5 3.6 -5.8 5.2 -1.3 1.5 -2.8 2.7 -3.3 2.7 -0.5 0 -3.7 2.7 -7.1 6 -3.5 3.4 -8.1 7.7 -10.3 9.6 -2.2 1.9 -7 6.3 -10.6 9.7 -3.7 3.4 -8.5 7.7 -10.7 9.6 -2.2 1.9 -3.8 4 -3.5 4.8 0.6 1.6 17.4 18.3 18.5 18.3 0.4 0 0.8 0.6 0.8 1.4 0 1.8 41.3 43.2 44.9 45 2.8 1.5 10.3 8.7 13.3 12.8 1 1.3 9.2 9.8 18.3 19.1 l16.5 16.7 53.1 0 c44.6 0 53.3 0.2 54.5 1.4 1.1 1.1 1.4 4.5 1.4 14 l0 12.6 -59.5 0 c-39 0 -59.5 -0.3 -59.5 -1z m-119.9 -161.8 c1.4 -0.9 5.4 -4.5 9 -7.9 12.3 -11.7 17.2 -16.3 17.6 -16.3 0.3 0 1 -0.6 1.8 -1.2 0.7 -0.7 3.1 -2.9 5.4 -4.8 2.4 -1.9 5.6 -5 7.4 -6.7 1.7 -1.8 3.7 -3.3 4.4 -3.3 0.7 0 1.8 -1.1 2.3 -2.4 0.5 -1.3 1.8 -2.7 2.9 -3.1 1.1 -0.3 3 -2 4.2 -3.6 1.2 -1.7 3.2 -3.4 4.5 -3.9 1.3 -0.5 2.4 -1.6 2.4 -2.5 0 -0.8 0.4 -1.5 0.9 -1.5 0.9 0 6.4 -4.8 15.2 -13.2 7.5 -7.3 12.9 -6.8 -76.2 -6.8 -69.8 0 -80.2 0.2 -81.5 1.5 -0.9 0.8 -1.1 1.5 -0.7 1.5 1.4 0 11.3 9.4 11.3 10.7 0 0.6 1.6 2 3.5 3.2 2.2 1.3 3.5 2.8 3.5 4.1 0 1.1 0.8 2.4 1.8 2.7 2.2 0.9 4.2 2.9 4.2 4.3 0 0.6 1.1 1.6 2.5 2.2 1.4 0.6 2.5 1.5 2.5 2 0 0.5 6.2 7 13.8 14.6 7.6 7.5 14.1 14.5 14.5 15.5 0.4 0.9 1.8 2.2 3.2 2.7 1.4 0.5 2.5 1.3 2.5 1.8 0 2 11.2 12.1 13.5 12.2 0.6 0 2.2 -0.8 3.6 -1.8z"/>
  <path d="M271.5 1072.8 c-0.3 -1.8 -0.5 -7.6 -0.3 -12.8 l0.3 -9.5 129.1 -0.3 c127 -0.2 129.2 -0.2 129.7 -2.2 0.5 -2.1 -2.2 -16.2 -3.4 -17 -0.7 -0.5 -1.2 -3.6 -2.8 -17 -1.6 -12.8 -3.4 -23 -4.2 -23 -0.7 0 -3.4 -15.1 -4.4 -24.5 -0.3 -3.2 -0.9 -6.2 -1.4 -6.5 -0.5 -0.3 -1.1 -2.1 -1.4 -4 -0.3 -1.9 -1.3 -7.5 -2.1 -12.5 -0.8 -4.9 -1.5 -10.4 -1.6 -12.2 0 -2.1 -0.7 -3.6 -1.9 -4.3 -2.6 -1.4 -2.5 -1.4 -6.2 2 -1.8 1.6 -4.7 3.6 -6.4 4.4 -1.6 0.8 -3.6 2.4 -4.3 3.5 -0.7 1.2 -1.9 2.1 -2.7 2.1 -0.8 0 -2.2 1.1 -3.1 2.5 -0.9 1.3 -2.4 2.7 -3.4 3 -1 0.3 -2.9 1.6 -4.4 3 -1.4 1.3 -4.2 3.6 -6.3 5.2 -2 1.5 -4.8 3.8 -6.1 5.1 -1.4 1.2 -3 2.2 -3.7 2.2 -0.7 0 -2 1.1 -2.9 2.5 -0.9 1.4 -2.2 2.5 -2.9 2.5 -0.7 0 -2.4 1.1 -3.9 2.5 -1.5 1.4 -3.1 2.5 -3.7 2.5 -0.5 0 -2 1.3 -3.3 2.8 -1.3 1.6 -4.5 4.1 -7.1 5.6 -2.6 1.6 -4.7 3.1 -4.7 3.6 0 0.4 -1.8 1.9 -4 3.4 -4.3 2.8 -6.3 4.4 -10.8 8.6 -1.5 1.4 -4.4 3.4 -6.6 4.5 -2.1 1.1 -4 2.6 -4.3 3.3 -0.3 0.7 -2.5 2.4 -5 3.9 l-4.4 2.6 -3.5 -3.9 c-1.8 -2.2 -4.3 -4.8 -5.4 -6 -1.1 -1.2 -2 -2.6 -2 -3.1 0 -0.6 -0.7 -1.6 -1.5 -2.3 -1.6 -1.4 -2.1 -6 -0.6 -6 0.5 0 2.9 -2 5.3 -4.5 2.4 -2.4 4.8 -4.5 5.5 -4.5 0.6 0 1.8 -0.8 2.5 -1.8 0.7 -1 2.9 -2.8 5 -4 2 -1.2 3.8 -2.8 4.1 -3.5 0.3 -0.6 2.2 -2.1 4.3 -3.2 2.2 -1.1 5.1 -3.1 6.6 -4.5 4.9 -4.5 6.6 -5.8 8.7 -6.5 1.1 -0.3 3.4 -1.9 5.1 -3.5 1.7 -1.6 3.9 -3.1 4.8 -3.4 0.9 -0.3 3.5 -2.2 5.7 -4.2 2.2 -2 5.2 -4.2 6.6 -4.9 1.5 -0.8 2.9 -2.1 3.2 -3 0.4 -0.8 1.3 -1.5 2 -1.5 0.8 0 3.2 -1.6 5.3 -3.6 2.2 -1.9 5.1 -4.3 6.7 -5.2 1.5 -0.9 2.7 -2 2.7 -2.4 0 -0.4 1.8 -1.7 4 -2.8 2.1 -1.1 4.4 -2.9 5 -4.1 0.6 -1.1 1.9 -2.3 2.9 -2.7 2 -0.8 8.3 -5.5 11.9 -8.9 1.2 -1.3 2.6 -2.3 3 -2.3 0.4 -0.1 2.2 -1.4 4.1 -2.9 3.1 -2.7 3.3 -3.2 2.6 -7 -0.4 -2.3 -1 -4.1 -1.5 -4.1 -0.8 0 -1.3 -3.2 -3.5 -19.9 -0.7 -5.7 -1.7 -10.6 -2.3 -11 -0.5 -0.3 -1.2 -2.4 -1.5 -4.6 -3.4 -23.7 -3.5 -23.8 -13.8 -15.5 -2.4 1.9 -5.3 4.4 -6.4 5.6 -1.1 1.1 -3.6 3.1 -5.5 4.4 -1.9 1.3 -3.9 3 -4.3 3.7 -0.4 0.7 -1.4 1.3 -2.2 1.3 -0.7 0 -2.2 1.1 -3.3 2.5 -1.1 1.4 -2.4 2.5 -3 2.5 -0.5 0 -2.3 1.5 -3.9 3.3 -3.2 3.4 -5.4 5.1 -9.1 6.7 -1.2 0.5 -2.5 1.7 -2.8 2.5 -0.4 0.9 -2.3 2.4 -4.4 3.5 -2.1 1.1 -4 2.6 -4.3 3.4 -0.4 0.9 -2.1 2.2 -3.9 2.9 -1.8 0.8 -4.9 2.8 -6.8 4.6 -1.9 1.7 -4.1 3.1 -4.8 3.1 -0.7 0 -1.5 0.7 -1.8 1.5 -0.4 0.9 -1.7 2.1 -2.9 2.8 -2.4 1.3 -8.4 6 -14.2 11.3 -1.9 1.7 -4.6 3.8 -6.1 4.5 -1.5 0.8 -3.5 2.4 -4.5 3.7 -1 1.2 -2.5 2.2 -3.2 2.2 -0.8 0 -2.2 1.1 -3 2.4 -0.9 1.3 -2.9 2.9 -4.4 3.6 -1.6 0.6 -3.8 2.2 -5 3.6 -1.1 1.3 -2.5 2.4 -3.1 2.4 -1.5 0 -10 -8.2 -10 -9.6 0 -0.7 -0.6 -1.4 -1.3 -1.7 -0.8 -0.3 -2.2 -2.2 -3.2 -4.3 -1.6 -3.4 -1.6 -3.9 -0.1 -7 0.8 -1.9 2.2 -3.4 3 -3.4 0.8 0 2.1 -0.8 2.8 -1.8 1.7 -2.3 9.4 -7.2 11.3 -7.2 0.8 0 1.5 -0.4 1.5 -0.9 0 -0.5 1.7 -1.9 3.8 -3.1 2 -1.2 4.1 -2.8 4.5 -3.6 0.4 -0.8 1.3 -1.4 2 -1.4 0.7 0 2.6 -1.3 4.2 -2.8 1.7 -1.5 4.6 -3.9 6.5 -5.2 1.9 -1.3 4.4 -3.3 5.5 -4.3 1.1 -1 3.5 -2.5 5.3 -3.4 1.7 -0.8 3.2 -2.1 3.2 -2.8 0 -0.7 1.4 -1.8 3 -2.5 1.7 -0.7 3.6 -2 4.3 -2.9 1.3 -1.7 7.2 -6.1 8.3 -6.1 0.3 0 1.5 -1.1 2.6 -2.5 1.1 -1.4 2.6 -2.5 3.4 -2.5 0.7 0 1.9 -0.9 2.6 -2.1 0.7 -1.1 3 -2.9 5.1 -4 2 -1.1 3.7 -2.4 3.7 -2.9 0 -0.9 3.2 -2.9 8.3 -5.2 1.5 -0.7 2.7 -1.8 2.7 -2.4 0 -0.6 1.2 -2 2.8 -2.9 1.5 -1 4 -3.1 5.6 -4.7 1.7 -1.5 3.5 -2.8 4.2 -2.8 0.6 0 1.9 -1.1 2.8 -2.5 0.9 -1.4 2.2 -2.5 3 -2.5 0.7 0 2.4 -1 3.8 -2.2 1.3 -1.3 4 -3.4 6 -4.8 5.2 -3.5 5.9 -5.6 4.6 -13.7 -0.6 -3.7 -1.4 -7 -1.8 -7.3 -0.3 -0.3 -1.7 -7.2 -3 -15.5 -1.3 -8.2 -2.7 -15.2 -3.1 -15.5 -0.9 -0.7 -3.9 -13.3 -3.9 -16.6 0 -1.7 -0.5 -2.4 -2 -2.4 -1.1 0 -2 0.4 -2 0.8 0 0.4 -2 2.1 -4.4 3.6 -2.5 1.5 -4.7 3.4 -5 4.2 -0.3 0.8 -1.2 1.4 -2 1.4 -0.8 0 -2.6 1.4 -4.1 3.2 -2.7 3.2 -5.4 5.2 -8.7 6.4 -1 0.3 -1.8 1 -1.8 1.5 0 0.5 -1.9 2.1 -4.2 3.6 -2.4 1.6 -5.1 3.8 -6.1 5.1 -1 1.2 -2.5 2.2 -3.2 2.2 -0.8 0 -1.9 0.9 -2.5 2 -0.6 1.1 -1.6 2 -2.3 2 -0.7 0 -2.6 1.3 -4.2 2.8 -1.7 1.6 -5 4.2 -7.5 5.8 -2.5 1.6 -5.1 3.7 -5.8 4.6 -0.7 1 -1.9 1.8 -2.7 1.8 -0.8 0 -2 0.8 -2.7 1.8 -0.7 1 -3.2 3.1 -5.5 4.7 -2.4 1.5 -4.3 3.2 -4.3 3.6 0 0.5 -0.6 0.9 -1.3 0.9 -0.8 0 -2.2 0.9 -3.2 2 -1 1.1 -2.4 2 -3.1 2 -0.7 0 -1.8 0.8 -2.3 1.8 -0.5 1 -2.7 2.7 -4.8 3.8 -2.1 1 -4.1 2.3 -4.4 2.7 -0.6 0.9 -3 2.4 -7.8 4.9 -1.3 0.7 -5.2 4.1 -8.6 7.5 -3.5 3.5 -6.7 6.3 -7.3 6.3 -1.5 0 -6.8 -5.3 -7.5 -7.5 -0.4 -1.1 -2.2 -3.8 -4.1 -6 -1.9 -2.2 -3.7 -4.7 -3.9 -5.6 -0.5 -2 2.7 -5.6 8.3 -9.4 2.5 -1.6 5.1 -3.8 5.8 -4.7 0.7 -1 2.8 -2.5 4.7 -3.4 1.9 -0.9 3.5 -2 3.5 -2.5 0 -0.5 0.6 -0.9 1.3 -0.9 0.8 0 2.2 -0.9 3.2 -2 1 -1.1 2.2 -2 2.6 -2 0.4 0 2.3 -1.3 4.1 -3 1.8 -1.6 3.6 -3 4.1 -3 0.5 0 2.2 -1.2 3.8 -2.7 6.2 -6 9.9 -8.7 14.2 -10.6 1.5 -0.6 2.7 -1.5 2.7 -1.9 0 -0.4 1.9 -2 4.3 -3.4 2.3 -1.5 4.6 -3.3 5 -4 0.4 -0.8 1.4 -1.4 2.1 -1.4 0.7 0 3.5 -2 6.2 -4.5 2.7 -2.5 5.1 -4.5 5.5 -4.5 0.3 0 1.5 -0.8 2.6 -1.7 1.1 -1 4.2 -3.6 6.8 -5.8 2.7 -2.2 6.4 -5.5 8.4 -7.2 1.9 -1.8 4.1 -3.3 4.8 -3.3 0.7 0 1.3 -0.7 1.3 -1.5 0 -1.2 -1.8 -1.5 -10.5 -1.5 -6.3 0 -10.5 -0.4 -10.5 -1 0 -0.6 -11 -1 -31 -1 l-31.1 0 0.3 -11.7 0.3 -11.8 22 -0.3 c16 -0.2 22.1 -0.6 22.7 -1.5 0.9 -1.4 1.1 -54 0.2 -58.6 l-0.6 -3.1 -22.4 0 c-16.1 0 -22.5 -0.3 -23 -1.2 -1.1 -1.8 -1.7 -16 -1 -21.2 l0.7 -4.6 53.7 0 c29.5 0 54.3 -0.4 54.9 -0.8 0.9 -0.6 1.3 -6.2 1.5 -20.2 l0.3 -19.5 10.5 -0.3 c16.6 -0.5 15 -2.6 15 20.8 0 15.3 0.3 20 1.3 20 0.6 0.1 24.6 0.1 53.2 0 28.6 0 52.6 0.4 53.3 0.8 0.9 0.6 1.2 4 1 13.3 l-0.3 12.4 -23.2 0.3 -23.3 0.2 0 29.9 c0 16.5 0.3 30.6 0.6 31.5 0.5 1.4 3.6 1.6 23.5 1.6 l22.9 0 0 12 0 12 -2.4 0 c-1.3 0 -2.7 0.6 -3 1.3 -0.5 1 -0.7 1 -1.2 0 -0.4 -1 -10.7 -1.3 -46.6 -1.3 -39.6 0 -46.2 0.2 -47.4 1.5 -1.4 1.3 -1.4 2.5 0.2 10.8 0.9 5 1.9 12.3 2 16.1 0.2 3.8 0.7 7.2 1.2 7.5 0.5 0.3 1.4 4 2.1 8.1 0.7 4.1 1.5 8.6 1.7 10 0.3 1.4 0.9 5.2 1.5 8.4 0.5 3.3 1.3 6.2 1.8 6.5 0.4 0.4 1.1 3.1 1.5 6.1 1.3 11.7 1.8 14.5 2.7 15.4 0.5 0.6 0.9 2.3 0.9 3.8 0 4.4 3.5 3.6 8.4 -1.7 8.5 -9.4 58.6 -59.3 58.6 -58.4 0 0.5 0.6 0.9 1.4 0.9 1.6 0 15.6 13.8 15.6 15.5 0 0.7 -6.3 7.5 -14.1 15.1 -17.7 17.5 -18.2 18 -22.7 23.2 -2 2.4 -8.3 9 -13.9 14.6 -5.7 5.6 -10.3 10.7 -10.3 11.3 0 0.6 -1.1 1.8 -2.5 2.7 -3.1 2.1 -3.2 5.6 -0.3 8.3 6 5.4 19.8 20.3 19.8 21.2 0 0.6 0.5 1.1 1.1 1.1 1.8 0 21.9 20.5 23.7 24.2 1 1.9 2.6 3.4 3.9 3.6 1.2 0.2 4.1 2.4 6.5 4.8 2.4 2.5 7.3 7.6 11.1 11.2 3.7 3.7 6.7 7.2 6.7 7.9 0 0.6 0.5 1.3 1.2 1.5 0.6 0.2 0 1.5 -1.5 3.1 -1.5 1.4 -2.7 3 -2.7 3.5 0 0.5 -0.8 1.2 -1.7 1.6 -2.5 0.8 -7.6 4.2 -10.8 7.4 -0.8 0.6 -2.2 1.2 -3.3 1.2 -1.9 0 -25.2 -22.5 -25.2 -24.4 0 -0.6 -1.4 -1.9 -3 -2.8 -1.7 -1 -3.3 -2.4 -3.6 -3.2 -0.9 -2.3 -25.6 -26.6 -27.1 -26.6 -0.7 0 -1.3 0.9 -1.3 2 0 1.1 0.4 2 0.8 2 0.5 0 1.7 5.1 2.6 11.3 2.2 14.7 2.5 15.7 3.6 15.7 0.6 0 1 3.1 1 7 0 3.9 0.6 10.3 1.4 14.3 0.8 4 2 10.6 2.7 14.7 0.7 4.1 1.5 7.7 1.9 8 0.6 0.5 2.9 12.6 5.3 27.5 0.6 3.9 1.4 7.2 1.8 7.5 0.4 0.3 1.6 6.1 2.6 12.9 0.9 6.8 2.3 13 3 13.7 0.7 0.7 1.3 2.5 1.3 4.1 0 1.5 0.7 6.9 1.6 11.8 0.8 5 1.9 11.7 2.5 15 0.6 3.3 1.4 6.2 1.8 6.5 0.9 0.6 2.8 13.7 2.3 16.3 -0.3 1.6 -8 1.7 -145.2 1.7 l-144.9 0 -0.6 -3.2z m251.9 -376 c0.9 -3.4 0.7 -59.1 -0.2 -60.6 -0.7 -1 -11.2 -1.2 -49.3 -1 l-48.4 0.3 -0.3 29.5 c-0.1 16.2 0 30.5 0.3 31.8 l0.5 2.2 48.4 0 48.4 0 0.6 -2.2z"/>
  <path d="M795.5 793.8 c-2.2 -0.5 -5.4 -1.4 -7.1 -1.9 -1.7 -0.5 -4.7 -0.9 -6.6 -0.9 -2 0 -3.8 -0.5 -4 -1 -0.2 -0.6 -3.5 -1.5 -7.3 -2 -12.3 -1.6 -21 -3.2 -21.5 -4 -0.5 -0.7 -6.4 -1.8 -27.2 -5.2 -3.8 -0.6 -6.8 -1.4 -6.8 -1.8 0 -0.4 -2.6 -1 -5.7 -1.4 -7.2 -0.8 -25.6 -4.8 -26.3 -5.7 -0.3 -0.4 -4.3 -1.1 -9 -1.7 -11.3 -1.5 -17.1 -2.8 -17.9 -3.9 -0.3 -0.6 -3.1 -1.3 -6.1 -1.8 -3 -0.4 -8.2 -1.1 -11.5 -1.6 -3.3 -0.5 -11.2 -1.4 -17.5 -2 -6.3 -0.5 -11.7 -1.4 -12 -2 -0.3 -0.5 -2.8 -1.2 -5.6 -1.5 -2.7 -0.4 -5.3 -1 -5.9 -1.4 -0.5 -0.4 -3.6 -1.1 -6.9 -1.5 -3.3 -0.4 -6.7 -1.4 -7.7 -2.4 -1.8 -1.7 -1.8 -2 -0.3 -5 0.9 -1.8 2.7 -3.7 4 -4.3 1.3 -0.6 2.6 -1.9 3 -3 0.3 -1 1.6 -2.6 3 -3.4 1.3 -0.9 2.4 -2.2 2.4 -2.9 0 -0.7 1.5 -2.5 3.3 -4 1.7 -1.4 4.7 -3.8 6.5 -5.3 3.8 -3.1 7.2 -8.2 7.2 -10.6 0 -1 1.4 -2.9 3 -4.3 1.7 -1.3 3 -2.9 3 -3.5 0 -0.5 1.2 -2.3 2.8 -3.8 1.5 -1.5 4.3 -4.6 6.2 -6.9 1.9 -2.3 4.6 -5.5 6 -7 6.2 -7.1 10.6 -12.5 11.4 -14 0.6 -0.9 2 -2.4 3.3 -3.4 1.3 -1 2.3 -2.4 2.3 -3.2 0 -0.7 1.5 -2.4 3.4 -3.9 1.9 -1.4 3.7 -3.4 4 -4.3 0.3 -1 1.9 -2.7 3.6 -3.8 1.6 -1.1 3 -2.4 3 -2.9 0 -1 0.8 -1.9 6.9 -8.3 2.3 -2.3 4.1 -4.7 4.1 -5.2 0 -0.5 1 -1.8 2.3 -2.8 1.2 -1 3 -2.9 3.9 -4.3 0.9 -1.4 3.4 -4.5 5.7 -7 2.2 -2.5 4.1 -4.9 4.1 -5.4 0 -0.4 1.1 -1.7 2.5 -2.8 1.4 -1.1 2.5 -2.5 2.5 -3.1 0 -0.7 1.2 -2.6 2.8 -4.3 5.9 -6.7 11.7 -13.7 12 -14.4 0.3 -0.7 5.4 -6.3 14.7 -16.1 1.9 -2 3.5 -4.1 3.5 -4.7 0 -0.6 0.8 -1.7 1.8 -2.4 1 -0.7 2.8 -2.8 4.1 -4.5 2.5 -3.7 6.2 -4.4 8.3 -1.5 0.7 1 3.1 3.1 5.3 4.7 2.2 1.7 5 4.2 6.3 5.8 1.3 1.5 3 2.7 3.8 2.7 0.8 0 1.4 0.6 1.4 1.4 0 0.8 0.4 1.6 1 1.8 1.4 0.5 9.8 7.7 14 12.1 1.9 2 3.9 3.7 4.4 3.7 0.4 0 2 1.2 3.5 2.8 3.1 3.1 7.2 6.7 11.6 10 5.5 4.1 9.6 7.7 13.2 11.5 2 2 3.9 3.7 4.3 3.7 0.4 0 3 2.1 5.8 4.8 2.8 2.6 7 6.3 9.3 8.2 2.4 1.9 6.1 5.2 8.3 7.2 10.9 10 14.2 12.8 14.9 12.8 0.4 0 2.1 1.6 3.8 3.5 1.7 1.9 3.4 3.5 3.9 3.5 0.7 0 5.9 4.6 15.1 13.5 2.6 2.5 5.1 4.5 5.7 4.5 0.5 0 1.7 1.1 2.6 2.5 0.9 1.4 2.1 2.5 2.8 2.5 0.6 0 3.1 2 5.7 4.4 10 9.6 14.4 13.6 14.9 13.6 0.6 0 4.7 3.8 8 7.4 1.5 1.5 3.7 3.2 5 3.7 3.2 1.3 2.7 3.7 -1.3 5.6 -1.9 0.9 -3.5 2 -3.5 2.4 0 0.4 -1.2 1.4 -2.7 2.1 -4.4 2.3 -7.6 4.2 -9.1 5.6 -0.8 0.7 -2.8 2 -4.5 2.9 -1.8 0.8 -3.6 2.2 -4 2.9 -0.4 0.8 -1.4 1.4 -2.1 1.4 -0.7 0 -2.1 0.9 -3.1 2 -1 1.1 -2.4 2 -3.2 2 -0.7 0 -1.3 0.4 -1.3 0.8 0 0.5 -2.5 2.2 -5.5 3.7 -3 1.6 -5.5 3.2 -5.5 3.5 0 0.4 -2 1.7 -4.5 2.9 -2.5 1.2 -4.5 2.6 -4.5 3.1 0 0.4 -1.7 1.5 -3.7 2.5 -7.6 3.3 -8.8 4 -11.3 6.3 -1.4 1.2 -3.3 2.2 -4.2 2.2 -1 0 -2.2 0.9 -2.8 2 -0.6 1.1 -1.7 2 -2.4 2 -0.7 0 -2.5 0.9 -3.9 2 -1.4 1.1 -3.1 2 -3.9 2 -0.7 0 -1.9 0.9 -2.6 2 -0.7 1.1 -1.8 2 -2.6 2 -0.7 0 -2.4 1 -3.8 2.3 -3 2.6 -5.4 4.3 -8.8 5.9 -1.4 0.7 -2.7 1.6 -3 1.9 -0.9 1.2 -8.1 4.9 -9.3 4.8 -0.7 -0.1 -3 -0.6 -5.2 -1.1z m-1.1 -10.4 c0.7 -1.9 -1.3 -14.6 -2.4 -15.4 -0.8 -0.5 -4.9 -13.6 -5.7 -18.5 -0.3 -1.6 -0.9 -3.2 -1.3 -3.5 -0.9 -0.6 -2.9 -7.9 -4.1 -15 -0.6 -3 -1.4 -5.7 -1.8 -6 -0.5 -0.3 -1.1 -1.8 -1.3 -3.5 -1.1 -5.9 -5.3 -21 -6 -21.3 -0.5 -0.2 -0.8 -1.1 -0.8 -2 0 -3 -5.3 -22.7 -6.3 -23.3 -0.5 -0.4 -1.3 -2.7 -1.8 -5 -1.7 -9.5 -3.2 -14.9 -4 -14.9 -0.5 0 -0.9 -1.2 -0.9 -2.8 0 -1.5 -0.9 -5.1 -1.9 -8 -1.1 -2.8 -2.2 -7 -2.6 -9.2 -0.4 -2.2 -1 -4 -1.4 -4 -0.7 0 -3.7 -11 -5.6 -20.7 -0.4 -1.8 -1 -3.3 -1.5 -3.3 -0.4 0 -1 -2.1 -1.4 -4.7 -0.3 -2.7 -1.3 -6.1 -2.1 -7.7 -0.8 -1.5 -1.5 -4.1 -1.5 -5.7 0 -1.6 -0.4 -2.9 -0.9 -2.9 -0.5 0 -1.1 -1 -1.3 -2.2 -0.4 -3.2 -2 -2.9 -6.8 1.2 -8 6.8 -9.2 8.1 -15.5 16.5 -3.1 4.1 -6.8 8.6 -9.6 11.4 -0.8 0.9 -2.6 3.2 -4 5.1 -1.3 1.9 -4.5 5.6 -7.1 8.2 -2.7 2.6 -4.8 5.2 -4.8 5.7 0 0.5 -1 1.8 -2.2 2.8 -1.3 1 -2.9 3 -3.6 4.4 -0.7 1.4 -2.9 4.3 -4.8 6.5 -7.4 8.3 -17 18.8 -19.6 21.5 -1.6 1.5 -2.8 3.2 -2.8 3.7 0 0.6 -1 1.9 -2.2 2.9 -1.3 1 -3.5 3.6 -4.9 5.8 -1.5 2.2 -3.8 5.4 -5.2 7 -1.5 1.7 -4 4.6 -5.7 6.5 -1.6 1.9 -3 4 -3 4.7 0 0.6 -1.3 2.1 -3 3.3 -1.6 1.2 -3 2.8 -3 3.5 0 0.8 -1.3 2.4 -3 3.7 -1.6 1.2 -3 2.8 -3 3.5 0 0.7 -2 3.4 -4.5 6.1 -2.5 2.6 -4.5 5.3 -4.5 5.9 0 0.7 -1.3 2.5 -3 4 -1.6 1.4 -3 3.1 -3 3.6 0 0.5 -1.8 2.7 -4 4.9 -6.3 6.3 -5.5 7.7 5.5 10.2 4.4 1 10.7 2.3 14 2.9 3.3 0.6 6.2 1.4 6.5 1.8 0.3 0.3 4.4 1.2 9.3 1.8 4.8 0.6 12.6 1.6 17.5 2.2 4.8 0.6 8.9 1.5 9.2 1.9 0.5 0.8 11.3 3.4 21.5 5.2 3.3 0.5 6.2 1.3 6.5 1.7 0.5 0.7 17.4 4 24.8 4.8 2.3 0.3 4.2 0.8 4.2 1.2 0 0.4 4.2 1.3 9.3 2 5 0.7 11 1.9 13.2 2.7 2.2 0.7 5.2 1.4 6.8 1.4 1.5 0 2.7 0.4 2.7 0.8 0 0.4 6.6 2.1 14.8 3.7 8.1 1.6 14.9 3.3 15 3.7 0.7 1.6 8 0.9 8.6 -0.8z m15.8 -4.1 c1.8 -1 3.5 -2.1 3.6 -2.6 0.2 -0.4 2.1 -1.6 4.2 -2.7 2.1 -1.1 4.4 -2.5 5.2 -3.2 0.8 -0.7 2.4 -1.9 3.6 -2.5 1.2 -0.7 3.2 -1.9 4.4 -2.5 1.2 -0.7 2.9 -1.9 3.6 -2.6 0.8 -0.7 3.5 -2.3 6.1 -3.4 2.5 -1.2 5 -2.8 5.5 -3.6 0.4 -0.8 2.3 -2 4.2 -2.8 1.9 -0.8 3.4 -1.8 3.4 -2.3 0 -0.4 2.1 -1.9 4.6 -3.2 2.6 -1.3 4.9 -2.9 5.1 -3.6 0.3 -0.7 1.1 -1.3 1.8 -1.3 0.6 0 2.4 -1 3.8 -2.2 6.2 -5.6 8 -6.8 9.3 -6.8 0.8 0 1.9 -0.9 2.6 -2 0.7 -1.1 1.9 -2 2.6 -2 1.1 0 8.7 -4.5 10.2 -6 0.3 -0.3 2.2 -1.4 4.3 -2.4 4.4 -2.3 5.1 -5.8 1.5 -7.7 -1.3 -0.6 -3.3 -2.4 -4.6 -4 -1.3 -1.6 -3 -2.9 -3.7 -2.9 -0.8 0 -2.3 -1.3 -3.5 -2.9 -1.1 -1.7 -2.9 -3.3 -4 -3.6 -1.1 -0.4 -2 -1.3 -2 -2.1 0 -0.8 -0.4 -1.4 -1 -1.4 -0.5 0 -4.1 -3.1 -7.9 -6.9 -3.9 -3.7 -8.4 -7.4 -10.1 -8.1 -1.7 -0.7 -5 -3.2 -7.2 -5.6 -2.3 -2.4 -4.5 -4.4 -5 -4.4 -0.4 0 -2.6 -1.9 -5 -4.3 -2.4 -2.4 -5.5 -5.2 -7 -6.1 -1.6 -1 -2.8 -2.3 -2.8 -2.8 0 -1.4 -9.6 -10.8 -10.9 -10.8 -0.9 0 -7.9 -6.3 -17.2 -15.4 -1.5 -1.4 -3.1 -2.6 -3.7 -2.6 -0.6 0 -2.2 -1.3 -3.5 -3 -1.4 -1.6 -2.9 -3 -3.4 -3 -1.1 0 -16.9 -14.2 -28.8 -25.7 -2.5 -2.4 -4.9 -4.3 -5.4 -4.3 -0.5 0 -2.9 -1.8 -5.3 -4 -2.3 -2.2 -5.1 -4 -6.2 -4 -1.6 0 -1.7 0.5 -1.1 4.8 0.4 2.6 1 4.9 1.4 5.2 1 0.7 6.1 18.1 6.1 20.7 0 1.2 0.5 2.3 1.1 2.5 0.6 0.2 1.5 2.4 2 4.8 0.6 2.5 1.5 6.7 2 9.5 0.6 2.7 1.4 5.2 1.9 5.5 0.4 0.3 1.5 4.1 2.5 8.5 0.9 4.4 2.2 10.3 2.8 13 0.5 2.8 1.4 5.2 1.8 5.5 0.9 0.6 2.9 8 3.5 13 1.1 8.7 2.6 17 3.3 17 0.8 0 2.6 6.1 4.3 14.8 0.6 3.4 1.5 6.2 1.9 6.2 1 0 3.5 8.1 5 16 0.7 3.6 1.6 6.7 2 7 0.8 0.6 2.4 6.3 4.1 14.8 0.5 2.8 1.3 5.2 1.7 5.2 0.4 0 1.4 3 2.1 6.6 0.8 3.6 1.7 6.7 2.2 7 0.4 0.3 0.8 1.8 0.8 3.3 0 4.6 1.8 5.2 7.2 2.4z"/>
  <path d="M216.5 626.3 c-0.3 -1 -2.3 -3.1 -4.4 -4.8 -5.8 -4.6 -7.4 -7.1 -6.1 -9.5 0.6 -1.1 1.7 -2 2.4 -2 1.6 0 4.2 -2.8 5 -5.6 0.5 -1.7 -1.3 -4 -9.1 -12 -5.4 -5.4 -10.8 -11.3 -12 -12.9 -1.2 -1.7 -3.3 -3.7 -4.7 -4.5 -1.4 -0.7 -2.6 -1.7 -2.6 -2.2 0 -1.6 -16 -16.8 -17.7 -16.8 -1 0 -3.6 1.8 -5.7 4 -2.2 2.2 -4.5 4 -5.2 4 -0.7 0 -2.6 -1.6 -4.1 -3.5 -1.5 -1.9 -3.2 -3.5 -3.8 -3.5 -0.5 0 -1.8 -1.2 -2.9 -2.6 l-1.8 -2.6 37.4 -37.1 c20.6 -20.5 38.7 -38.4 40.3 -39.8 1.7 -1.4 3.7 -3.3 4.5 -4.2 0.8 -0.9 4.1 -4.2 7.3 -7.3 3.1 -3.1 5.7 -5.9 5.7 -6.3 0 -0.5 1.1 -1.3 2.5 -1.9 1.4 -0.6 2.5 -1.7 2.5 -2.4 0.1 -1.6 8.8 -10.2 11.3 -11.1 0.9 -0.3 1.7 -1.1 1.7 -1.7 0 -1.5 3.3 -5 4.8 -5 0.7 0 1.5 -0.8 1.9 -1.7 0.8 -2.5 29.5 -31.3 31.1 -31.3 0.6 0 1.2 -0.5 1.2 -1.2 0 -0.6 6 -7.2 13.4 -14.5 7.4 -7.4 14.4 -14.9 15.6 -16.6 1.2 -1.8 4.2 -4.6 6.6 -6.2 2.4 -1.7 4.6 -3.7 4.9 -4.6 0.3 -0.8 3.1 -4.1 6.3 -7.2 11.9 -11.6 15.9 -15.6 23.9 -23.9 4.6 -4.7 9.9 -9.6 11.8 -10.9 1.9 -1.3 3.5 -2.7 3.5 -3.2 0 -0.4 2.4 -3.2 5.2 -6.1 14.8 -15 24.8 -25.5 24.8 -26 0 -0.8 21.2 -21.6 22 -21.6 1 0 10.8 -9 18.9 -17.4 10.1 -10.5 11.6 -12 13.7 -13.7 1 -0.9 3.3 -3.1 5 -5 3.6 -4 10.1 -9.9 10.9 -9.9 1.1 0 12.5 12.1 12.5 13.3 0 0.6 -1.4 2 -3.1 3 -1.7 0.9 -3.3 2.6 -3.6 3.7 -0.3 1.1 -0.9 2 -1.4 2 -0.5 0 1.7 2.5 4.7 5.5 3.1 3 6 5.5 6.5 5.5 0.5 0 0.9 0.7 0.9 1.5 0 0.8 0.5 1.5 1.2 1.5 0.6 0 8.5 7.4 17.6 16.5 9 9.1 16.6 16.5 16.9 16.5 0.2 0 2.2 -1.8 4.3 -4 2.1 -2.2 4.3 -4 4.9 -4 0.6 0 2.8 1.7 4.9 3.8 2 2 5 4.5 6.5 5.5 3.7 2.4 3.6 6.1 -0.2 7.8 -1.6 0.7 -3.7 2.6 -4.6 4.1 -0.9 1.5 -2.3 2.8 -3.1 2.8 -0.8 0 -1.7 0.7 -2 1.5 -0.3 0.8 -2.2 2.5 -4.2 3.7 -3.9 2.4 -11.2 9.1 -11.2 10.2 0 0.8 -18.4 19.5 -97.3 98.9 -31.6 31.7 -57.7 57.7 -58.1 57.7 -0.3 0 -4.6 4.1 -9.4 9.1 -10.6 11.2 -38.5 39.2 -43.3 43.6 -1.9 1.7 -4.8 4.6 -6.5 6.5 -1.6 1.8 -5.4 5.3 -8.4 7.8 -7 5.9 -15 13.6 -15 14.4 0 1.1 -2.7 3.6 -3.9 3.6 -0.6 0 -2.1 1.6 -3.3 3.5 -1.3 1.9 -2.7 3.5 -3.3 3.5 -0.5 0.1 -2.6 1.9 -4.5 4.2 -3.9 4.6 -7.8 8.9 -17.5 19.3 -3.6 3.9 -7.9 8.4 -9.4 10 -1.5 1.7 -4.3 4.4 -6.2 6.1 -1.9 1.7 -4.1 4 -5.1 5 -0.9 1.1 -5.5 5.7 -10.2 10.3 -4.7 4.6 -8.6 8.8 -8.6 9.2 0 1.6 -2.9 0.9 -3.5 -0.8z m7.9 -35.5 c0.3 -1.3 0.6 -6 0.6 -10.6 0 -4.6 0.7 -14.6 1.6 -22.4 0.8 -7.7 1.1 -14.5 0.7 -14.9 -0.4 -0.4 -8 -0.4 -16.8 0.2 -32.2 2 -32.4 2 -33 3.8 -0.9 2.8 2.1 7.2 9.6 14.1 13.2 12.1 24.5 23.5 25.2 25.3 0.3 0.9 1.8 2.2 3.2 2.7 1.4 0.5 2.8 1.7 3.1 2.5 1 2.4 5.1 1.9 5.8 -0.7z m17.6 -13.5 c2.2 -2.1 4 -4.4 4 -5 0 -1.6 22.5 -24.3 24 -24.3 1.4 0 8.5 -7 9.3 -9.1 0.7 -2.2 -2.6 -2.9 -9 -1.8 -2.6 0.4 -8.5 0.8 -13 0.8 -4.6 0.1 -8.3 0.5 -8.3 1 0 0.4 -1.9 1.1 -4.1 1.4 -2.3 0.3 -4.6 1 -5.2 1.6 -0.6 0.6 -1.4 7.7 -1.9 15.8 -0.4 8.2 -0.8 15.9 -0.9 17.3 -0.2 3.6 0 6 0.6 6 0.3 0 2.3 -1.7 4.5 -3.7z m-29.2 -43.9 c3.4 -0.4 6.2 -1 6.2 -1.4 0 -0.4 2.7 -1 5.9 -1.4 l5.9 -0.7 0.6 -4.2 c0.5 -3.2 2.5 -29.9 2.6 -33.9 0 -2.1 -4.3 -0.4 -7.2 2.8 -1.8 2 -6.4 6.6 -10.2 10.3 -3.7 3.6 -8.2 8.1 -10 10 -1.7 1.8 -6.1 6.3 -9.8 10 -3.8 3.6 -6.8 7.4 -6.8 8.4 0 1.7 0.7 1.8 8.3 1.3 4.5 -0.4 11 -0.9 14.5 -1.2z m49.7 -4.9 c16.7 -1.2 22.5 -1.9 22.5 -2.6 0 -0.5 2.1 -0.9 4.6 -0.9 4 0 5 -0.5 9.2 -4.5 l4.7 -4.6 0.7 -11.2 c0.3 -6.2 1 -17.8 1.4 -26 l0.7 -14.7 -10.4 0.6 c-5.7 0.4 -10.5 1.1 -10.7 1.6 -0.2 0.4 -5.3 0.8 -11.2 0.8 -13.1 0 -20.3 1.4 -22.8 4.3 -1 1.2 -2.7 2.7 -3.7 3.3 -2.1 1.2 -2.8 6.1 -4.1 29.7 -0.3 5.9 -0.9 10.7 -1.4 10.7 -1 0 -2.3 12.8 -1.4 14.2 0.5 0.7 3.5 0.8 9.3 0.3 4.7 -0.3 10.4 -0.8 12.6 -1z m72.7 -44.5 c9.8 -9.8 17.8 -18.4 17.8 -18.9 0 -0.6 0.8 -1.4 1.7 -1.9 1.5 -0.9 1.5 -1.1 0.1 -2.6 -1.7 -1.7 -5.8 -2.2 -5.8 -0.7 0 0.4 -6.2 1.1 -13.7 1.5 -7.6 0.4 -14.7 0.9 -15.9 1.2 -2 0.5 -2.1 1.4 -2.7 14.7 -0.4 8.4 -1 14.3 -1.7 14.5 -0.5 0.2 -1 2.6 -1 5.3 0 3.9 0.3 4.9 1.7 4.9 0.9 0 9.7 -8.1 19.5 -18z m-49.6 -27.9 c0.5 -0.5 5.2 -1.1 10.5 -1.3 11 -0.4 12.9 -1.5 12.9 -7.3 0 -2 0.4 -6.6 0.9 -10.3 0.5 -3.7 1.2 -10.4 1.5 -14.9 0.5 -8.2 0.5 -8.3 -1.8 -8.3 -1.3 0 -3.7 1.5 -5.8 3.8 -1.9 2 -5 5.1 -6.9 6.8 -1.9 1.7 -4.8 4.6 -6.5 6.5 -1.7 1.9 -4.6 4.8 -6.5 6.5 -1.9 1.8 -6.5 6.4 -10.2 10.3 l-6.8 7 2.8 0.7 c1.5 0.3 3.3 0.7 3.8 0.9 2.2 0.7 11.2 0.4 12.1 -0.4z m62.9 -6.3 c9.5 0.2 15 -0.3 24 -2.3 1.1 -0.3 2.8 -2.2 3.9 -4.4 1 -2.2 2.7 -4.9 3.8 -6 1.5 -1.7 2 -4.7 2.8 -17.8 0.6 -8.7 1.3 -20 1.7 -25.2 l0.6 -9.4 -12.8 0.5 c-7 0.4 -13 1 -13.4 1.6 -0.3 0.5 -6 1.2 -12.5 1.6 -12.7 0.7 -14.3 1.2 -19.3 6 -2.7 2.5 -3.3 3.8 -3.3 7.1 0 6.9 -2.3 30 -3.1 30.5 -0.4 0.3 -1 4.7 -1.4 9.9 l-0.8 9.4 9.4 -0.8 c5.2 -0.5 14.4 -0.8 20.4 -0.7z m52.1 -32.8 c1.8 0 35.4 -33.2 35.4 -35 0 -1 -2.3 -1.1 -10.7 -0.5 -6 0.5 -15 1.1 -20 1.4 l-9.3 0.6 -0.4 19.5 -0.4 19.5 2 -2.8 c1.1 -1.5 2.6 -2.7 3.4 -2.7z m-27.3 -40.6 c9.5 -0.6 12.2 -1.1 13.9 -2.6 1.9 -1.6 2 -2.1 0.8 -2.8 -1 -0.7 -1.1 -1 -0.2 -1 0.8 0 1.2 -1.5 1.2 -4.4 0 -2.4 0.4 -6.5 0.9 -9.2 0.9 -4.9 0.1 -21.7 -1.1 -22.9 -0.7 -0.7 -13.8 11.9 -13.8 13.3 0 0.4 -1.9 2 -4.3 3.5 -2.4 1.5 -5.1 4.1 -6 5.7 -1 1.6 -2.4 3.5 -3.1 4.2 -10.3 9.6 -15.6 15.3 -15.6 16.5 0 1.4 1.2 1.5 7.8 1 4.2 -0.4 13 -1 19.5 -1.3z m50.7 -4.9 c11.8 -0.9 22.4 -1.8 23.6 -2 1.1 -0.3 4.1 -2.4 6.7 -4.7 4.6 -4.2 4.7 -4.5 5.3 -11.5 0.4 -4 1 -7.3 1.4 -7.3 0.8 0 2.2 -19.1 2.4 -31.5 l0.1 -8 -9 0.4 c-4.9 0.2 -9.2 0.7 -9.5 1.1 -0.5 0.7 -3.5 1 -26.2 2.6 -6.7 0.5 -9.2 1.1 -10.5 2.6 -1 1 -2.8 2.8 -4 4 -1.3 1.2 -2.3 3.2 -2.3 4.5 0 1.3 -0.4 2.3 -0.9 2.3 -0.5 0 -1.1 5.3 -1.5 11.8 -0.4 6.4 -1 17.3 -1.4 24 -0.4 6.8 -0.5 12.6 -0.3 12.8 0.7 0.6 3 0.5 26.1 -1.1z m62.9 -39.2 c5.1 -5.1 9.7 -9.3 10.2 -9.3 0.5 0 0.9 -0.7 0.9 -1.5 0 -0.9 0.8 -1.9 1.8 -2.2 2.5 -1 15.7 -15.2 14.8 -16 -0.2 -0.2 -8.8 -0.1 -19 0.3 -21.4 0.8 -21.9 1 -23 8.9 -1 6.8 -1 7.4 -0.8 20.2 l0.2 11.3 2.8 -1.3 c1.5 -0.6 6.9 -5.3 12.1 -10.4z m-31.4 -35.6 c10.3 -1.4 10.2 -1.3 10.4 -12.9 0.1 -3.6 0.5 -6.8 1 -7 1 -0.3 3.1 -17.6 2.3 -19.5 -1 -2.8 -4.1 -0.9 -12.5 7.3 -4.8 4.7 -8.7 9 -8.7 9.5 0 0.5 -0.4 0.9 -0.8 0.9 -1.3 0 -18.2 17.2 -18.2 18.6 0 0.7 -0.3 1.9 -0.6 2.8 -0.5 1.4 0.6 1.6 8.7 1.5 5.2 0 13.4 -0.6 18.4 -1.2z m47.6 -3 c0.4 -0.5 5.3 -1.2 11 -1.6 13.9 -0.8 14 -1.6 1.5 -13.6 -5.2 -4.9 -14.9 -14.3 -21.6 -20.7 -7.8 -7.6 -12.6 -11.5 -13.5 -11.2 -1.1 0.5 -1.5 2.5 -1.6 8.3 0 4.2 -0.4 10.1 -0.9 13.1 -1.5 9.1 -3.1 26.1 -2.6 26.9 0.7 1.1 27 0 27.7 -1.2z"/>
  <path d="M974 603.5 c-0.7 -1.4 -1.9 -2.5 -2.6 -2.5 -0.6 0 -2.4 -1.6 -3.8 -3.5 -1.5 -1.9 -3.1 -3.5 -3.7 -3.5 -1.4 0 -41.9 -40.8 -41.9 -42.3 0 -1.2 -29.2 -30.7 -30.3 -30.7 -1 0 -24.7 -24.2 -24.7 -25.1 0 -0.5 -0.6 -0.9 -1.4 -0.9 -0.8 0 -2.4 -1.5 -3.5 -3.2 -2.5 -4.1 -56.5 -57.8 -58 -57.8 -0.6 0 -1.1 -0.6 -1.1 -1.2 -0.1 -1.4 -4.5 -6.8 -5.5 -6.8 -0.3 0 -4.6 -4 -9.4 -9 -4.9 -4.9 -9.1 -9 -9.4 -9 -0.3 0 -3.8 -3.2 -7.8 -7.1 -4.1 -3.9 -10.4 -10 -14.1 -13.6 -3.8 -3.5 -6.8 -6.8 -6.8 -7.1 0 -0.4 -1.4 -1.6 -3 -2.7 -1.6 -1.1 -3 -2.4 -3 -3 0 -0.5 -1.8 -2.3 -4 -3.8 -2.2 -1.6 -4 -3.4 -4 -4.1 0 -0.7 -1.1 -1.9 -2.5 -2.6 -1.3 -0.7 -2.7 -2.2 -3.1 -3.2 -0.3 -1 -1.9 -2.5 -3.5 -3.3 -1.6 -0.9 -2.9 -2.1 -2.9 -2.8 0 -1.4 -3.5 -4.7 -5 -4.7 -0.6 0 -1 -0.4 -1 -1 0 -0.5 -3.3 -4.4 -7.2 -8.5 -4 -4.1 -9.1 -9.5 -11.3 -12.1 -2.2 -2.5 -6 -6.5 -8.4 -8.8 -2.4 -2.2 -5.7 -5.6 -7.5 -7.5 -1.7 -1.9 -4.6 -4.8 -6.5 -6.5 -1.8 -1.7 -6.3 -6.2 -10 -10 -3.6 -3.7 -8.1 -8.2 -10 -10 -5.1 -4.7 -12.2 -11.9 -15.7 -15.7 -1.7 -1.9 -4.6 -4.8 -6.5 -6.5 -1.9 -1.7 -4.8 -4.6 -6.5 -6.5 -1.8 -1.9 -6.3 -6.4 -10 -10 -3.8 -3.7 -8.3 -8.2 -10 -10 -3.9 -4.2 -6.5 -6.3 -8.7 -7.2 -0.9 -0.3 -1.7 -1.2 -1.7 -1.9 0 -1.2 -6.1 -7.6 -20.2 -21.6 -2.1 -2 -3.8 -4.2 -3.8 -4.8 0 -0.6 -0.9 -1.4 -2 -1.7 -2.8 -0.7 -3.7 -5.3 -1.5 -7.7 1 -1.1 2.4 -2 3.2 -2 0.7 0 1.9 -1.1 2.5 -2.5 1.4 -3.2 4.1 -3.2 6.5 0 1 1.4 3.2 2.7 4.9 3.1 2.6 0.5 3.6 0 7.2 -3.8 2.3 -2.3 4.2 -4.8 4.2 -5.5 0 -0.7 0.6 -1.3 1.3 -1.3 2.1 -0.1 6.7 -4.8 6.7 -7 0 -1.3 5 -7.1 14 -16 7.7 -7.7 14 -14.3 14 -14.6 0 -0.4 -1.6 -2.1 -3.5 -4 -1.9 -1.8 -3.5 -3.9 -3.5 -4.7 0 -1.6 7.7 -9.7 9.1 -9.7 0.5 0 0.9 -0.6 0.9 -1.3 0 -0.8 1.1 -1.9 2.4 -2.5 2.2 -1 2.5 -0.8 3.5 1.9 0.5 1.6 1.5 2.9 2.1 2.9 1.4 0 3.4 2 4.3 4.3 0.3 0.9 1.2 1.7 1.8 1.7 0.7 0 12.2 11.1 25.6 24.7 39.7 40.3 61.7 62.3 70.8 70.8 4.7 4.4 8.8 9 9.1 10.3 0.3 1.2 1.2 2.2 2 2.2 0.7 0 2 1.3 2.8 2.8 0.8 1.5 2.6 3.4 3.9 4.1 1.4 0.7 2.8 2.2 3 3.2 0.3 1 1.7 2.3 3.1 2.9 1.5 0.5 2.9 1.8 3.3 2.7 0.5 1.5 12.4 13.7 18.5 19 1.2 1.1 4.4 4.3 7.1 7.1 0.6 0.8 2.2 2.3 3.5 3.5 8 7.5 12.2 11.9 12.2 12.7 0 0.6 0.5 1 1.1 1 1.2 0 18.9 17.7 18.9 18.9 0 0.4 1.1 1.4 2.5 2.1 1.4 0.7 2.5 1.9 2.5 2.6 0 0.7 0.9 1.6 2.1 1.9 1.1 0.4 2.4 1.8 2.9 3.1 0.5 1.3 1.7 2.4 2.7 2.4 1 0 8.3 6.8 16.3 15 8 8.3 35.5 36.1 61.3 62 25.7 25.8 46.7 47.2 46.7 47.6 0 0.8 35.6 36.4 36.4 36.4 0.4 0 9.4 8.8 20.1 19.5 10.6 10.7 19.8 19.5 20.4 19.5 2.6 0 1.7 2.3 -2.5 6.4 -2.5 2.5 -5 4.6 -5.4 4.6 -0.4 0 -1.5 0.9 -2.5 2 -2.1 2.4 -4.1 2.6 -4.9 0.5 -0.3 -0.8 -1 -1.5 -1.5 -1.5 -0.5 0 -9 8.1 -18.9 18 -9.9 9.9 -18.5 18 -19.1 18 -0.6 0 -1.4 0.8 -1.8 1.8 -0.3 0.9 -2.1 3.2 -4 5 -3.6 3.6 -4.2 5.7 -1.8 6.6 0.8 0.3 1.5 1.1 1.5 1.8 -0.1 1.7 -4.8 7.1 -8.2 9.3 -1.6 0.9 -2.8 2.4 -2.8 3.1 0 2.3 -3.6 1.6 -5 -1.1z m9.1 -27.5 c2.1 0 43 -42.1 42.7 -43.8 -0.3 -1.4 -3.2 -1.9 -20.3 -3.4 -11 -1 -22.9 -1.7 -26.5 -1.5 l-6.5 0.2 0.2 3.5 c0.1 1.9 0.7 8.7 1.2 15 0.5 6.3 1.3 15.7 1.7 20.8 0.4 5 1 9.2 1.5 9.2 0.4 0 1.1 0.9 1.4 2.1 l0.7 2.1 1.5 -2.1 c0.8 -1.2 1.9 -2.1 2.4 -2.1z m-17.5 -17.7 c-0.3 -4.9 -1.1 -8.9 -1.6 -9.1 -0.6 -0.2 -1 -4.5 -1 -9.7 0 -5.2 -0.5 -10.6 -1.2 -12 -1 -2.3 -1.7 -2.5 -7.2 -2.5 -3.4 0 -7.9 -0.4 -10.1 -0.9 -2.2 -0.5 -8 -1.1 -13 -1.3 -7.7 -0.3 -9 -0.1 -9.3 1.4 -0.4 2.1 39.5 42.6 42.2 42.7 1.8 0.1 1.9 -0.5 1.2 -8.6z m46.4 -39.4 c0 -0.6 -1.1 -2 -2.5 -3.1 -1.4 -1.1 -2.5 -2.4 -2.5 -3 0 -1.2 -8.5 -9.8 -9.8 -9.8 -0.5 0 -1.5 -1.2 -2.2 -2.6 -0.8 -1.4 -2.7 -3.5 -4.3 -4.6 -3 -2.1 -5.5 -4.6 -13.8 -13.6 -5 -5.5 -8.3 -7.2 -9.3 -4.7 -0.3 0.8 -0.3 2.1 -0.1 2.8 0.3 0.6 0.9 7 1.4 14.2 0.6 7.3 1.5 13.1 2.1 13.3 0.5 0.2 1 2.1 1 4.1 0 3.8 0.1 3.8 4.6 4.5 2.5 0.3 5 0.3 5.5 0 1.3 -0.8 22.9 1.8 22.9 2.8 0 0.4 1.6 0.8 3.5 0.8 1.9 0 3.5 -0.5 3.5 -1.1z m-51.6 -10.4 c-0.1 -12 -1.7 -33 -2.6 -33.6 -0.5 -0.3 -1.2 -3.2 -1.5 -6.3 -0.5 -5.1 -1.1 -6.2 -5.1 -10.1 -4.2 -4.2 -4.9 -4.5 -9.8 -4.5 -2.9 0 -5.4 -0.4 -5.6 -0.9 -0.3 -0.8 -8.1 -1.6 -34.5 -3.8 l-7.2 -0.6 0.5 9.4 c0.3 5.2 1 11.6 1.5 14.2 0.5 2.6 0.9 9.3 0.9 14.7 0 6 0.4 10 1 10 0.6 0 1 0.7 1 1.5 0 2 3.3 8.4 4.4 8.5 0.5 0 1.7 0.6 2.5 1.4 1.8 1.6 13.5 3.6 21 3.6 2.8 0 5.1 0.4 5.1 1 0 1.1 7.9 1.7 20 1.6 l8.5 -0.1 -0.1 -6z m-73.1 -24.6 c0.3 -2.2 0.1 -6.8 -0.4 -10.2 -0.5 -3.4 -0.9 -8.1 -0.9 -10.4 0 -2.4 -0.4 -4.3 -0.9 -4.3 -0.6 0 -1.1 -2.1 -1.3 -4.7 -0.4 -6.3 -2.4 -7.3 -15 -7.3 -5.4 0 -9.8 -0.4 -9.8 -0.9 0 -0.5 -2.5 -1.2 -5.5 -1.6 -5.5 -0.6 -9.5 -0.1 -9.5 1.4 0 0.8 6.8 8 25.1 26.8 17.2 17.6 17.3 17.6 18.2 11.2z m44.7 -44.4 c0 -0.8 -0.3 -1.5 -0.8 -1.5 -0.4 0 -1.3 -1.4 -2.1 -3.1 -0.7 -1.7 -2.4 -3.5 -3.7 -4.1 -1.3 -0.6 -2.6 -1.8 -2.9 -2.7 -0.3 -0.9 -2.8 -3.6 -5.6 -6.1 -2.8 -2.5 -8.4 -7.6 -12.3 -11.5 -4 -3.8 -8.4 -8 -9.9 -9.2 l-2.7 -2.3 0 6.8 c0.1 12.4 1.8 30.5 3.1 31.3 0.7 0.4 5.6 1 11.1 1.4 5.4 0.4 9.8 1.1 9.8 1.6 0 0.5 3.6 0.9 8 0.9 6.4 0 8 -0.3 8 -1.5z m-50.3 -8.7 c-0.3 -3.5 -1 -13.7 -1.6 -22.8 -0.6 -9.5 -1.5 -16.6 -2.1 -16.8 -0.5 -0.2 -1 -1.8 -1 -3.6 0 -4.1 -7.6 -12.6 -11.4 -12.6 -1.3 0 -2.6 -0.4 -2.8 -0.9 -0.3 -0.8 -25.5 -2.9 -40.8 -3.4 l-5.5 -0.2 0.1 12.9 c0.1 9.7 0.5 13 1.5 13.8 1.1 0.7 1.1 1.1 0.2 1.5 -1.5 0.5 -1.8 4.3 -0.4 4.3 0.5 0 1.2 4.4 1.6 9.8 0.7 9.9 3 16.2 6 16.2 0.7 0 1.5 0.7 1.9 1.5 0.3 0.8 1.2 1.5 2 1.5 0.8 0 1.6 0.4 1.8 0.9 0.3 0.9 24.3 2.8 41.8 3.4 4.1 0.2 7.9 0.4 8.3 0.5 0.5 0.1 0.6 -2.6 0.4 -6z m-73.2 -26 c-0.2 -2.4 -0.7 -9.7 -1 -16.3 -0.6 -11.6 -1.2 -18.5 -1.8 -19.1 -0.1 -0.2 -5.6 -0.6 -12.2 -1 -6.6 -0.4 -12.2 -1 -12.5 -1.5 -0.3 -0.4 -3.8 -1.1 -7.8 -1.4 -6.7 -0.7 -7.2 -0.6 -7.2 1.2 0 2.2 39.4 42.3 41.6 42.3 1 0 1.2 -1.1 0.9 -4.2z m45.5 -43.6 c0 -1.5 -17.6 -19.2 -19.1 -19.2 -0.5 0 -0.9 -0.9 -0.9 -2 0 -1 -0.8 -2.4 -1.8 -2.9 -1 -0.6 -3 -2.6 -4.3 -4.5 -1.3 -2 -2.9 -3.6 -3.6 -3.6 -0.6 0 -2 -1.3 -2.9 -2.9 -1 -1.7 -2.8 -3.2 -4.1 -3.6 -1.3 -0.3 -2.3 -1.2 -2.3 -2 0 -2.5 -4 -1.8 -4.1 0.8 -0.4 5.6 0.4 17.3 1.2 17.7 0.4 0.3 1.1 4.4 1.4 9 1 13.1 0.6 12.5 7.2 13.6 3.2 0.5 12 0.9 19.6 1 11.1 0 13.7 -0.2 13.7 -1.4z m-50.6 -14.2 c-0.2 -17.9 -1.6 -42 -2.4 -42 -0.4 0 -2.8 -2 -5.2 -4.3 l-4.4 -4.4 -12.3 -0.6 c-6.8 -0.3 -12.6 -0.9 -13 -1.5 -0.6 -0.9 -24.6 -2.3 -26.8 -1.5 -1.6 0.6 -1.8 14.3 -0.3 14.3 0.6 0 1 2 1 4.4 0 4.4 2.6 28.9 3.5 33.6 0.3 1.4 1.8 3.3 3.3 4.2 5.9 3.8 6.7 4.3 7.2 4.9 0.8 1.1 39.7 4.8 46.5 4.5 l3 -0.1 -0.1 -11.5z m-74 -29.8 c-0.3 -6.4 -1 -14.7 -1.6 -18.5 -0.8 -5.6 -1.3 -6.8 -3.1 -7.2 -3.5 -0.7 -24.9 -2.5 -29.9 -2.5 -2.8 0 -4.8 -0.5 -5.1 -1.2 -0.3 -0.7 -0.6 -0.3 -0.6 0.9 -0.1 1.3 0.8 2.8 1.9 3.5 1.1 0.7 2 1.7 2 2.3 0 0.6 1.1 1.9 2.5 2.9 1.4 1.1 8.5 8 15.8 15.3 7.2 7.4 14.1 14.3 15.1 15.4 1 1 2.3 1.6 2.7 1.3 0.5 -0.2 0.6 -5.7 0.3 -12.2z m46 -34.4 c-0.3 -1.3 -1.1 -2.5 -1.7 -2.7 -0.6 -0.2 -3.5 -2.7 -6.5 -5.5 -12.7 -12 -17.2 -16.8 -17.2 -18.4 0 -0.9 -3.4 -5 -7.6 -9 -8.8 -8.4 -9.8 -8.2 -8.9 1.3 0.3 3.3 0.8 11.9 1.3 19 0.4 7.2 1.1 13.6 1.5 14.3 0.6 0.8 3.9 1.2 10 1.3 5.1 0.1 11.9 0.5 15.2 0.9 3.3 0.4 7.9 0.8 10.3 0.9 4.1 0.1 4.3 0 3.6 -2.1z m-52.4 -3 l4.5 -0.3 -0.3 -6.5 c-0.1 -3.6 -0.7 -6.6 -1.2 -6.8 -0.6 -0.2 -1 -2.9 -1 -6 0 -7.5 -1.9 -26.8 -3.1 -31.5 -0.7 -2.6 -1.8 -4.1 -3.5 -4.7 -1.3 -0.5 -2.4 -1.6 -2.4 -2.4 0 -2.8 -4.5 -4 -17.4 -4.6 -8.9 -0.4 -13.1 -0.9 -13.4 -1.8 -0.3 -0.9 -3.8 -1.2 -12.5 -1.2 l-12.2 0 0.2 15.7 c0.1 8.7 0.7 17.8 1.2 20.3 0.6 2.5 1 7 1.1 10 0.1 5.3 1.6 9 3.7 9 0.6 0 2.2 1.4 3.7 3.2 2.4 3 3.4 3.3 11.9 4.5 5 0.7 14.8 1.7 21.7 2.3 7.8 0.6 12.6 1.4 12.9 2.1 0.2 0.7 0.6 0.8 1 0.1 0.3 -0.6 2.7 -1.2 5.1 -1.4z m-72.1 -33.5 c-0.2 -15.9 -1.7 -32.5 -3 -33.4 -0.8 -0.5 -5 -0.9 -9.4 -1 -4.4 0 -12 -0.4 -17 -0.8 -10.4 -0.9 -11.9 -0.7 -10.5 1.9 1.1 2.1 10 11 11 11 0.4 0 6.7 6.1 14.1 13.5 7.4 7.4 13.7 13.5 14.2 13.5 0.4 0 0.7 -2.1 0.6 -4.7z m49.1 -41.1 c0.3 -0.2 -0.1 -0.7 -0.7 -0.9 -0.7 -0.3 -1.3 -0.9 -1.3 -1.3 0 -1.3 -4.6 -6 -5.8 -6 -0.6 0 -1.6 -0.9 -2.2 -1.9 -0.5 -1.1 -2 -2.3 -3.2 -2.7 -1.3 -0.3 -8 -6.4 -15 -13.5 -7 -7.1 -13.3 -12.9 -13.9 -12.9 -1.4 0 -0.3 25.3 1.2 25.8 0.5 0.2 0.9 2.7 0.9 5.6 0 4.7 0.3 5.4 2.5 6.4 1.4 0.7 4.5 1.2 6.8 1.3 2.3 0 5.1 0.4 6.2 0.9 2 0.9 23.5 0.2 24.5 -0.8z m-52.5 -16.4 c-0.4 -7.9 -1.1 -14.4 -1.6 -14.6 -1.2 -0.5 -1.1 -3.2 0.1 -3.2 0.6 0 1 -1.3 1 -3 0 -1.6 -0.4 -3 -0.9 -3 -0.5 0 -1.3 -2.9 -1.6 -6.5 -0.4 -3.6 -0.9 -6.5 -1.1 -6.5 -1.5 0 -6.2 4.1 -17.5 15.3 -7.1 7 -13.3 12.7 -13.8 12.7 -0.6 0 -1.5 1 -2.2 2.3 -0.6 1.2 -3.5 4.5 -6.5 7.3 -5.9 5.6 -6.7 8 -3.1 9.3 1.2 0.4 11.7 1.1 23.2 1.5 12 0.4 21.1 1.1 21.3 1.6 0.2 0.6 1.1 1 1.9 1 1.3 0 1.4 -1.8 0.8 -14.2z"/>
        </svg>
